1332.9
1338.8
1423.25
1351.2
1308.2
1329.5
1339.05
1318.85
1341.5
1326.8
1344.55
1364.35
1377.3
1384.75
1397.5
1387.3
1375.1
1382.4
1374.55
1368.15
1399.3
1392.75
1359.3
1345.95
1365.0
1356.35
1352.85
1330.95
1334.6
1280.9
1311.1
1289.7
1289.15
1295.05
1307.4
1328.15
1357.9
1380.45
1383.8
1406.6
1380.3
1368.45
1385.8
1408.25
1435.35
1428.85
1443.9
1425.6
707.1
705.2
709.4
715.0
710.7
712.3
741.25
733.15
736.6
720.65
728.65
720.35
724.7
715.0
729.4
725.95
716.8
695.4
690.2
690.85
691.9
706.8
705.0
707.3
704.7
686.15
690.75
717.7
719.8
705.1
712.4
697.45
688.0
647.6
639.45
627.25
650.4
647.45
651.7
613.75
608.7
627.1
606.3
600.65
620.4
634.7
635.3
631.25
645.75
640.0
641.0
657.4
665.45
642.7
658.65
654.45
641.1
651.5
648.1
640.85
653.05
655.75
660.5
653.6
659.5
662.05
656.05
652.85
653.45
659.3
658.35
654.05
656.6
665.2
661.9
660.45
671.45
664.0
687.65
686.5
683.1
672.85
650.6
656.5
660.1
646.85
655.55
669.6
679.1
677.15
672.8
682.1
682.3
684.1
677.6
685.2
698.75
692.35
688.6
680.45
674.8
664.65
671.6
674.0
668.6
677.9
667.7
674.1
686.6
694.5
703.2
702.45
705.9
698.2
702.55
701.35
708.0
706.2
709.15
720.05
727.25
705.3
707.75
703.6
691.65
695.1
700.85
692.0
689.15
684.1
675.6
667.4
668.7
662.65
660.85
683.05
681.0
674.6
663.25
683.6
687.7
677.15
665.55
676.25
692.0
673.1
677.05
667.35
628.95
622.0
625.25
620.25
625.3
635.55
631.2
640.2
623.0
618.75
606.85
615.75
630.4
638.45
656.3
657.65
665.65
650.55
659.9
654.6
642.65
636.8
639.5
651.25
651.25
658.8
663.7
666.3
659.95
669.6
671.5
683.85
680.65
679.9
687.3
668.75
668.0
662.5
665.35
671.3
677.35
692.35
683.35
687.15
686.7
676.1
680.45
700.85
712.5
701.45
717.15
718.2
707.45
712.65
709.15
702.95
713.85
722.85
731.55
726.75
708.25
718.25
708.9
708.9
706.05
702.15
703.15
698.4
712.75
730.2
742.55
742.6
746.55
745.35
746.3
769.3
765.25
772.05
759.35
752.75
750.7
755.9
752.1
765.55
754.45
751.1
751.95
746.75
739.35
747.25
733.9
739.4
743.3
752.8
763.35
753.4
743.95
740.4
745.9
743.45
760.55
763.65
775.0
780.2
772.15
776.8
777.8
782.2
760.65
760.05
764.4
751.7
754.0
750.35
763.5
753.15
760.1
756.2
756.4
774.35
771.5
764.75
761.25
764.65
762.9
772.8
765.65
784.4
778.75
772.85
778.35
777.0
780.75
780.8
781.4
786.15
806.9
810.7
813.6
818.05
804.1
819.75
818.85
813.3
805.95
808.6
806.6
802.85
792.75
788.4
795.15
796.15
787.75
784.45
782.3
772.6
777.0
788.05
791.7
782.15
783.0
782.65
780.2
772.35
781.75
769.25
776.95
774.0
772.35
781.5
787.35
786.55
811.5
806.6
819.35
819.65
805.55
804.0
806.0
799.65
801.85
811.8
822.1
819.25
815.6
789.55
770.55
776.25
779.25
762.7
769.6
766.15
742.1
752.15
750.15
745.4
755.45
744.95
723.55
729.8
734.0
734.35
748.65
745.25
729.85
730.95
727.8
724.75
719.1
719.65
718.35
719.8
713.15
711.75
711.05
712.15
713.05
713.4
719.7
714.8
711.75
695.6
698.95
716.85
709.25
712.65
728.4
727.95
727.75
731.2
726.0
731.1
728.2
723.05
732.75
743.35
795.2
785.05
775.6
774.15
777.05
770.4
765.3
766.7
773.35
767.6
769.65
778.9
793.15
790.3
784.3
792.5
796.5
797.05
797.9
795.85
810.95
800.5
802.1
824.15
816.15
809.5
818.95
817.0
824.9
825.45
828.9
836.15
844.15
851.4
848.25
854.6
859.55
862.2
868.15
879.35
871.15
859.45
857.6
865.15
872.2
875.95
889.85
894.35
873.1
877.35
881.05
879.4
879.5
887.6
881.65
875.6
889.15
880.4
895.75
898.0
900.35
916.65
901.95
917.9
916.95
905.45
908.3
907.35
906.85
927.65
936.8
954.65
973.3
