269.75
277.15
272.05
265.4
260.95
261.95
276.05
267.4
274.3
280.95
287.45
289.75
288.45
292.6
290.25
282.45
277.65
277.15
280.75
277.6
278.15
278.2
266.25
257.4
257.6
257.8
254.95
257.6
260.6
254.0
253.95
250.25
254.6
255.1
258.1
260.15
266.0
267.75
262.35
264.8
265.2
259.65
262.75
267.75
267.85
269.4
270.8
272.9
267.35
267.75
270.55
273.7
268.2
268.05
272.2
271.1
267.45
264.3
268.55
270.05
263.25
258.45
259.2
253.6
256.8
270.05
281.05
288.6
285.4
289.05
281.3
282.75
268.8
256.35
259.3
268.5
279.75
284.8
278.0
270.55
267.5
245.4
253.35
245.7
249.45
248.95
247.35
239.1
230.55
232.25
225.15
221.1
228.35
231.65
227.45
230.1
235.25
234.0
236.8
242.0
245.25
237.95
239.85
239.05
239.45
241.9
237.15
235.15
240.0
240.1
243.55
243.3
243.45
244.55
243.8
244.25
248.95
254.85
254.5
254.85
249.8
253.4
251.25
248.8
242.05
236.95
237.05
236.9
235.95
239.0
233.9
243.0
246.1
241.2
243.15
240.25
248.3
247.85
241.0
243.9
242.95
242.7
241.4
242.5
249.7
250.2
250.2
244.6
241.1
241.1
238.65
235.95
234.4
231.95
227.3
225.95
226.4
227.3
230.9
226.5
230.45
228.35
229.65
228.3
228.9
228.2
225.8
224.45
227.8
220.7
217.75
216.85
209.55
208.95
204.3
199.4
200.9
196.05
184.3
181.0
182.95
173.65
175.6
184.6
182.95
184.4
185.25
179.9
172.75
169.4
166.05
162.85
168.2
172.15
167.05
159.0
154.25
154.8
167.85
156.4
158.95
159.8
164.7
164.95
158.5
156.3
151.8
155.9
158.75
162.05
181.15
182.75
188.4
183.35
183.4
180.5
180.1
181.75
185.3
185.2
186.35
191.25
196.8
197.5
196.6
188.3
189.5
197.55
194.25
195.65
194.7
184.35
183.85
181.95
183.1
188.25
187.8
191.9
186.75
187.3
194.35
200.15
197.05
200.95
196.15
192.05
189.0
186.0
184.05
179.95
180.35
184.35
188.7
189.5
185.0
188.5
184.85
176.8
176.85
179.95
172.7
171.35
168.4
169.5
175.1
184.15
195.9
198.85
204.95
198.25
200.55
196.6
198.9
210.15
210.7
209.95
205.95
201.8
207.7
216.05
216.0
213.45
215.9
214.0
212.9
217.55
211.25
217.15
215.9
217.2
218.8
219.6
223.0
223.5
220.05
218.3
224.7
226.7
227.7
232.0
231.5
228.75
229.6
231.15
225.65
223.5
229.9
226.7
229.25
231.0
229.4
227.3
228.05
226.65
225.65
232.75
233.25
235.15
231.5
227.15
243.3
246.75
246.25
248.4
258.5
254.8
254.75
254.4
250.15
246.6
249.05
252.25
252.5
252.0
254.6
260.1
266.8
268.35
264.1
252.75
257.55
256.0
254.3
255.65
254.45
251.15
257.9
254.55
251.65
249.0
253.75
247.25
251.25
255.3
259.75
260.85
256.8
258.7
256.6
249.65
252.1
253.2
256.9
255.4
260.2
258.5
262.95
261.45
258.75
255.4
258.0
257.6
258.95
251.05
245.65
242.85
252.7
252.65
260.0
281.3
273.0
278.2
277.2
277.45
275.8
257.35
257.35
258.65
261.75
260.95
253.55
252.7
258.35
255.65
254.1
256.9
259.1
255.6
259.9
266.65
263.65
266.15
262.9
265.4
264.75
261.35
254.55
255.35
249.8
249.15
244.2
248.75
247.75
247.65
250.2
243.6
244.9
242.9
245.35
245.9
247.05
248.3
252.15
251.25
250.9
255.75
256.0
258.35
258.4
251.05
254.15
254.9
259.2
266.45
263.95
260.35
270.7
273.3
277.55
277.05
277.9
277.2
275.85
276.35
271.65
270.2
268.95
270.5
269.35
269.65
270.7
272.3
270.45
268.25
269.2
271.75
267.3
265.05
269.85
267.8
269.9
273.25
272.05
274.65
277.35
279.3
274.15
273.9
272.35
267.5
268.5
276.5
279.45
282.1
288.45
291.05
293.4
293.15
297.35
292.85
289.45
289.35
294.5
290.15
291.55
289.9
290.3
284.05
284.8
282.2
286.05
286.05
286.45
282.05
289.75
288.3
289.8
299.05
296.0
299.4
296.5
294.45
298.1
297.9
301.4
