69.6
71.3
70.55
66.9
65.65
68.7
74.3
71.95
69.65
71.35
69.95
70.8
70.5
70.85
70.2
69.2
68.95
69.3
71.0
70.5
71.45
71.95
69.2
67.5
66.8
67.65
66.5
66.3
67.4
65.65
65.8
65.35
64.95
65.65
68.45
69.75
70.35
71.55
69.75
69.9
71.35
70.95
72.55
74.1
73.95
72.7
73.7
72.95
71.25
71.2
71.65
72.75
74.25
74.45
74.4
75.15
77.65
79.3
81.35
82.1
80.5
80.9
83.3
84.9
84.15
84.45
84.95
88.0
87.45
87.2
87.35
87.75
86.75
88.1
88.4
89.05
91.65
97.3
95.45
95.6
95.1
84.45
86.5
87.5
91.5
92.15
90.3
87.45
85.95
87.65
85.0
81.95
82.0
87.5
87.25
87.7
89.5
87.2
87.2
87.95
88.15
88.8
90.6
91.1
90.55
90.7
92.25
94.25
94.7
94.35
93.05
91.65
92.2
93.85
94.05
94.85
95.0
96.0
96.05
96.25
95.8
95.0
92.7
92.9
91.0
93.8
93.7
90.3
90.3
92.2
86.8
87.6
88.95
89.5
90.5
90.3
90.7
91.95
91.7
93.1
93.65
96.1
94.8
94.1
97.6
94.6
93.4
92.85
91.95
90.25
90.05
89.6
86.55
89.1
86.35
86.05
87.3
88.1
89.2
89.65
89.35
88.4
87.9
87.9
88.95
89.75
89.5
87.9
88.8
92.0
93.1
92.7
91.35
90.75
92.4
92.1
90.2
88.6
85.1
83.1
86.8
83.45
83.6
85.7
86.75
88.3
88.15
89.6
91.5
90.5
86.85
87.6
90.6
89.2
88.25
87.35
80.9
83.2
89.65
87.25
90.0
89.8
91.2
92.2
89.2
87.5
85.95
85.55
87.65
91.05
93.45
94.25
93.55
91.95
97.15
96.55
97.1
97.2
95.95
96.25
95.25
97.3
103.05
103.5
106.0
104.75
106.65
108.05
108.6
110.25
110.1
108.75
107.55
106.95
107.05
109.75
111.35
110.35
109.3
108.15
106.55
105.35
105.95
106.8
107.95
105.4
106.8
105.95
105.05
102.0
102.8
104.15
104.8
105.25
104.2
104.15
102.85
103.5
102.9
102.2
101.95
99.45
100.0
101.6
97.25
104.2
106.8
106.05
108.95
104.45
105.55
106.45
105.3
106.2
105.75
107.1
105.25
105.25
105.0
103.0
99.4
98.75
99.7
102.3
99.9
99.2
96.25
97.35
98.95
99.0
98.35
99.4
97.8
92.3
93.05
93.8
93.35
93.6
90.95
91.5
91.7
93.0
93.45
93.45
96.85
96.7
96.15
94.4
94.7
94.1
95.25
91.6
88.15
85.5
86.3
88.1
89.15
89.5
87.95
87.2
86.65
86.65
86.7
87.55
87.0
87.1
87.85
88.55
86.55
87.7
87.9
88.4
87.55
83.8
83.0
85.75
88.5
87.75
87.25
83.45
84.4
81.6
81.1
84.6
84.05
82.7
83.95
82.65
81.8
81.45
81.85
76.45
79.6
83.1
81.35
81.65
80.8
81.2
80.75
79.4
80.65
81.6
83.85
84.35
85.7
87.05
88.05
87.65
87.2
84.9
90.25
91.35
90.1
89.85
91.3
90.9
89.45
91.75
91.4
89.4
87.35
82.65
79.0
78.8
79.65
75.85
75.6
77.2
75.65
77.0
78.15
79.9
79.5
77.55
74.7
77.2
78.05
76.7
77.9
79.55
79.5
77.9
77.2
77.8
77.65
78.7
76.9
77.55
77.45
77.7
76.5
78.05
78.25
79.0
80.1
81.0
81.05
83.85
83.95
85.3
84.95
84.95
85.6
84.3
84.55
85.6
85.95
86.9
87.05
85.55
86.3
88.7
86.55
92.45
92.05
90.75
92.15
94.85
94.5
95.1
94.05
95.35
95.3
92.95
92.1
92.35
93.2
94.25
93.9
94.5
95.1
92.5
90.55
89.0
90.65
89.2
87.35
87.35
90.5
91.2
91.1
90.45
90.55
90.8
91.1
91.9
90.9
89.25
88.75
87.15
87.05
87.35
85.75
86.45
84.0
83.0
84.55
84.1
84.9
84.3
83.6
82.4
82.4
82.6
82.75
82.75
81.6
81.3
81.95
85.25
87.25
88.15
87.85
86.7
85.4
83.65
82.8
83.25
83.2
83.4
82.9
85.55
86.55
85.7
86.2
