327.1
336.4
325.15
329.2
321.7
321.4
314.25
315.25
330.45
334.25
337.65
344.6
340.15
339.2
333.05
329.3
329.05
327.75
319.8
320.8
324.65
344.05
344.9
337.8
340.15
345.3
348.5
341.75
345.8
350.7
353.1
357.85
359.7
360.6
372.35
373.45
374.7
367.75
349.05
365.2
372.75
370.0
367.1
360.9
362.3
369.45
360.85
362.8
369.95
373.75
383.0
379.35
379.9
377.4
368.15
372.55
380.45
382.1
366.3
380.45
381.95
356.05
363.1
369.9
380.6
399.2
398.8
424.6
419.75
442.25
434.2
433.05
434.75
428.75
473.85
500.15
504.85
504.2
506.3
535.25
552.05
538.9
540.5
532.75
529.15
528.75
508.5
498.1
504.4
505.0
507.85
506.0
504.6
513.4
505.65
511.45
559.95
555.9
555.25
584.85
578.1
593.8
589.05
579.95
556.3
532.55
549.25
550.75
551.6
542.2
534.0
517.15
510.65
507.75
500.45
516.8
507.0
498.95
500.35
512.3
523.55
533.45
547.65
546.6
565.35
579.8
568.95
572.05
595.7
580.25
599.1
593.95
605.3
606.8
599.4
586.45
570.1
569.1
567.75
569.1
565.6
560.25
552.15
551.7
553.95
555.6
558.55
558.4
562.25
555.1
549.35
543.65
549.95
553.5
538.85
553.75
555.6
558.15
561.8
558.55
555.3
550.0
556.9
562.8
563.15
558.2
546.85
540.7
542.0
551.65
565.15
554.9
573.2
558.0
492.9
532.55
525.8
524.5
504.35
531.4
548.65
540.2
536.3
538.7
558.1
534.05
545.8
532.85
545.0
544.15
541.5
542.55
542.5
545.15
557.0
556.7
556.5
559.6
558.9
543.05
536.35
530.25
529.2
525.45
531.3
532.3
542.85
548.75
557.55
555.0
559.45
553.65
546.45
543.95
543.45
558.65
554.2
551.2
557.75
554.55
554.65
565.9
562.55
564.7
563.05
563.85
569.95
565.1
564.65
581.7
601.7
599.2
601.2
615.6
617.85
627.35
622.45
610.6
604.7
603.6
599.6
601.1
594.75
564.85
572.6
578.25
567.15
563.6
563.65
563.8
561.7
556.7
552.4
542.8
536.55
536.05
539.45
558.9
565.25
565.75
559.75
563.05
560.0
578.7
575.35
580.3
571.7
565.25
572.7
576.95
567.7
595.55
602.2
633.4
654.05
652.45
659.05
655.85
659.25
644.0
654.5
650.95
631.1
645.6
649.95
639.75
654.65
655.9
655.15
643.1
639.45
618.2
629.05
626.9
643.15
653.05
645.95
676.7
