229.8
233.55
234.9
229.5
233.6
244.7
246.8
251.3
255.35
256.05
253.0
255.1
247.85
241.85
239.85
236.8
229.0
230.0
230.05
230.3
237.6
247.0
238.25
240.45
241.25
238.1
232.5
236.55
239.4
234.8
234.3
236.2
232.65
236.05
240.2
247.3
247.6
245.05
250.7
249.3
246.55
254.6
249.9
253.5
251.25
248.25
244.9
245.25
244.65
238.3
239.05
244.5
244.55
244.5
246.8
246.45
244.7
243.75
246.4
246.8
245.95
235.35
228.55
234.05
238.75
243.35
236.15
236.5
238.4
233.3
230.65
227.45
220.2
219.3
213.65
217.4
224.9
222.0
220.8
217.75
214.5
199.3
188.15
186.05
187.75
188.3
188.3
184.35
186.45
184.55
175.5
173.3
173.2
172.45
169.0
167.95
170.2
170.15
170.2
164.2
164.35
162.6
161.3
161.1
159.45
153.85
154.8
159.3
157.5
160.25
160.75
162.7
165.75
185.15
192.65
194.95
190.3
190.15
190.55
194.55
195.1
191.7
194.35
192.15
191.5
187.4
187.25
188.4
187.1
183.95
179.85
180.6
183.95
191.4
192.35
189.3
190.3
187.35
185.85
188.3
186.2
186.4
190.15
192.7
191.6
194.8
194.65
196.05
195.7
195.3
193.0
189.6
183.35
184.2
183.25
186.25
183.45
184.05
186.75
187.7
190.95
191.55
190.25
189.3
189.05
189.7
188.95
188.25
189.95
188.9
185.85
185.75
177.7
181.45
178.95
175.95
172.0
171.55
167.6
163.9
165.0
166.6
165.5
165.95
164.65
171.3
166.7
169.15
168.25
167.4
168.75
167.3
168.25
169.65
172.35
164.85
158.9
163.0
169.0
169.05
172.5
167.75
167.1
165.6
167.55
168.9
170.25
170.05
170.8
171.95
168.6
169.85
172.8
174.2
172.15
172.85
171.8
172.15
171.75
172.35
172.45
174.15
178.3
184.2
183.7
185.5
185.9
186.6
190.3
192.45
194.55
192.65
193.35
190.55
192.25
197.65
208.4
219.75
220.45
223.1
221.05
219.8
220.05
222.55
228.1
221.9
224.1
228.2
229.1
221.25
223.0
222.8
232.8
225.6
227.1
227.9
224.9
225.95
227.95
225.25
223.6
222.0
226.3
225.05
228.0
232.55
236.0
235.5
230.6
231.8
234.25
234.85
236.85
240.85
251.3
244.9
245.05
257.7
255.3
250.0
242.0
236.3
232.9
243.9
238.75
238.4
242.85
256.45
256.35
260.35
264.5
267.15
250.2
220.75
227.9
238.25
243.25
248.4
239.65
244.25
244.75
237.4
239.0
236.85
233.8
232.25
234.8
231.25
237.35
245.05
255.0
258.4
247.5
244.1
252.35
256.05
259.8
258.05
263.35
259.45
257.75
263.75
270.95
272.45
270.65
275.4
269.45
270.2
271.75
267.35
264.1
270.4
269.15
264.3
266.75
272.05
264.25
266.95
257.25
251.3
253.8
252.95
252.85
253.95
249.4
250.65
249.9
246.05
244.6
244.75
246.6
239.2
246.0
247.45
255.25
254.9
257.65
269.85
262.7
267.7
264.7
257.7
261.5
270.45
270.0
276.6
281.65
279.35
275.25
282.05
286.05
287.55
284.25
273.25
269.35
257.55
262.65
265.8
253.55
257.4
248.3
237.15
245.45
240.6
241.45
230.5
243.2
252.4
247.5
247.95
246.4
257.0
264.1
266.85
255.35
251.3
255.25
259.35
270.0
284.0
282.4
278.8
279.8
274.95
278.3
279.15
279.7
281.7
277.8
275.5
273.15
270.75
278.6
286.85
292.45
302.35
300.3
303.3
313.0
313.5
329.6
339.05
335.45
327.65
329.1
325.15
325.05
330.2
330.4
324.4
319.65
327.65
334.6
332.35
321.25
313.6
326.6
330.05
337.65
333.25
336.6
340.8
341.3
349.35
353.45
350.45
343.25
344.45
341.45
333.35
334.1
334.2
333.3
329.75
330.6
331.0
328.95
323.45
317.7
324.75
322.6
319.05
315.9
317.85
315.7
319.95
323.95
324.75
331.3
317.9
316.05
316.75
314.55
316.95
313.95
311.3
311.85
308.9
314.35
311.65
322.6
327.15
336.6
344.55
337.3
337.0
345.8
348.2
366.15
366.5
366.8
367.7
358.9
361.75
349.1
359.75
371.2
399.15
394.8
400.65
402.5
410.55
405.85
399.45
402.75
