131.4
136.5
134.7
128.3
125.85
131.3
135.05
130.25
131.9
136.85
138.8
136.75
138.4
140.95
142.5
140.45
141.05
141.5
144.45
142.85
142.9
142.85
138.9
137.9
135.8
135.35
132.75
135.95
136.35
131.95
131.75
132.4
135.2
140.9
140.6
141.6
143.6
142.35
141.45
149.5
147.45
147.2
147.8
150.05
154.05
154.55
155.9
153.8
75.4
76.1
76.05
78.4
77.95
77.6
76.65
75.8
70.7
69.65
70.45
69.9
69.7
68.25
68.6
68.5
68.4
67.75
67.7
67.5
68.45
67.6
67.95
67.2
67.4
65.15
64.6
67.2
67.7
67.45
67.3
66.7
67.0
60.95
62.5
60.75
61.7
62.45
61.4
59.25
59.2
59.35
57.7
57.2
58.2
59.7
59.65
60.4
61.05
60.0
60.4
63.2
65.4
63.6
64.0
64.45
64.15
64.55
63.95
65.35
65.05
65.15
65.05
64.5
64.3
66.3
64.65
64.4
64.35
64.55
64.9
65.45
57.45
57.05
57.1
56.55
56.25
55.15
54.25
54.75
55.2
55.2
54.7
54.6
54.15
53.65
54.05
53.7
56.75
56.8
55.55
56.95
56.4
56.95
56.9
56.75
58.75
58.7
58.9
57.35
57.0
56.8
57.55
57.5
55.0
55.45
54.4
53.35
53.75
54.3
55.15
55.1
56.3
56.1
56.45
56.2
56.75
56.85
56.4
56.0
56.95
55.8
55.75
54.85
52.5
52.6
52.3
48.25
49.75
48.05
47.95
48.0
48.55
47.7
47.45
48.6
47.15
47.45
46.5
46.15
46.9
46.55
46.05
45.1
45.8
46.1
44.6
45.2
43.55
43.05
44.3
44.6
45.75
46.95
48.3
49.35
48.2
46.35
44.9
46.05
46.25
47.5
50.1
49.5
49.9
49.55
48.85
48.95
48.5
48.2
47.65
48.3
50.1
49.9
50.5
49.9
49.6
47.5
46.95
46.7
46.45
46.75
44.85
43.65
43.95
42.75
43.15
43.55
44.05
44.75
45.25
43.9
46.05
47.4
48.15
48.4
48.0
46.4
45.85
46.45
46.9
48.85
48.95
48.2
49.3
49.15
48.6
48.85
49.95
50.85
50.55
50.4
49.65
50.6
49.55
49.45
50.7
52.75
52.55
52.4
52.35
50.95
51.5
51.0
53.6
56.65
57.95
58.35
58.45
56.8
58.45
59.1
57.7
57.75
57.0
56.7
55.65
56.0
55.05
55.95
56.0
56.25
57.6
59.0
60.8
60.0
60.0
60.95
61.4
62.4
61.1
62.7
61.55
59.75
60.25
62.7
60.95
63.85
66.1
64.5
65.0
64.8
64.65
65.0
63.35
61.9
62.75
64.15
63.55
63.95
62.7
63.05
63.6
64.95
64.25
64.95
66.5
66.5
66.95
67.75
66.8
66.55
67.05
67.8
68.75
69.65
70.1
71.8
74.4
73.8
73.45
70.9
72.4
71.55
72.45
74.05
71.9
71.0
73.2
72.9
72.95
72.4
75.55
70.3
72.0
74.3
75.4
74.3
73.05
73.2
73.0
70.55
70.95
70.1
71.9
70.6
73.25
73.15
75.0
81.2
82.0
81.55
81.95
82.3
81.9
79.45
76.85
76.6
77.25
77.1
76.2
80.3
77.3
73.8
72.35
73.05
71.1
66.95
69.65
69.6
67.9
70.65
69.95
69.55
70.8
69.35
68.2
68.2
69.85
69.2
70.3
71.2
70.55
70.95
69.65
69.45
68.6
68.0
67.8
67.0
65.8
65.0
62.4
64.3
65.3
66.25
66.85
66.05
66.15
65.75
67.5
67.2
68.35
69.9
72.55
72.35
72.55
74.7
75.55
76.8
77.1
78.05
78.0
78.55
78.8
78.6
77.45
76.05
79.35
83.9
84.55
84.0
83.05
83.4
83.9
84.45
83.95
83.15
81.05
82.6
83.4
85.95
86.1
84.3
84.1
83.3
87.35
88.05
84.85
85.3
85.35
84.65
84.3
85.6
85.0
86.35
86.4
88.45
87.3
86.9
88.75
87.05
88.25
89.85
90.0
90.55
91.15
90.75
91.45
90.5
91.0
88.9
87.85
89.95
92.0
92.55
92.6
92.55
91.95
91.65
92.55
92.35
92.9
93.95
94.45
94.35
107.6
112.5
112.05
112.55
116.4
118.55
118.05
117.15
116.0
114.9
117.25
