112.65
115.95
114.05
112.15
109.25
112.8
112.95
112.0
113.95
112.45
116.9
121.25
121.6
123.1
121.1
118.95
116.6
116.0
115.45
114.9
116.6
118.35
118.55
116.2
123.05
120.8
121.9
117.8
116.55
113.55
114.35
114.35
116.3
117.05
117.4
117.3
117.65
120.3
123.3
119.75
122.75
118.3
118.4
118.85
119.0
119.05
119.05
119.95
118.35
121.0
118.6
121.8
125.7
132.95
133.45
132.0
133.95
134.05
132.45
133.8
134.4
134.3
133.65
135.55
135.0
133.05
135.0
137.65
140.65
138.65
141.85
141.2
142.0
137.95
137.6
138.0
140.0
141.85
142.85
139.5
137.35
130.0
132.75
132.1
134.1
134.1
136.4
133.85
134.5
135.5
135.7
132.1
130.2
131.45
131.35
133.75
133.6
132.8
131.35
139.05
137.5
136.65
138.35
139.0
143.25
141.25
142.15
142.35
143.75
145.8
144.6
143.0
144.7
142.75
140.55
140.55
145.25
144.35
142.6
144.35
143.9
143.15
143.6
142.7
143.75
142.85
139.5
141.3
142.35
145.75
143.2
143.05
143.9
148.75
153.0
150.2
149.7
147.7
146.5
146.1
143.1
143.35
142.25
142.4
144.65
149.35
153.4
154.9
150.95
147.85
146.2
149.05
151.3
153.85
150.9
153.0
156.95
153.4
158.8
157.9
158.7
157.15
158.65
158.35
158.85
156.85
159.05
159.65
166.25
164.7
166.0
168.35
166.85
168.65
168.5
168.5
161.55
160.15
154.2
152.1
157.35
158.1
164.75
163.75
164.5
164.4
162.1
161.9
160.8
156.95
155.0
156.25
159.95
160.3
159.9
159.9
155.95
154.3
156.4
155.3
155.25
151.55
150.95
150.05
149.95
150.0
147.7
147.9
148.9
157.15
153.15
159.0
156.8
155.5
154.95
154.05
151.85
149.0
148.35
146.1
148.0
146.9
150.3
153.6
154.9
151.2
156.1
162.45
160.3
158.6
158.95
158.65
158.65
157.3
157.0
158.95
158.3
160.95
161.8
170.6
174.05
170.5
167.3
162.8
163.0
163.35
159.5
163.25
164.6
166.7
165.9
163.4
169.25
169.5
171.0
172.3
173.0
170.15
170.2
168.8
165.9
170.0
171.05
172.55
172.7
170.8
172.9
174.8
169.15
170.2
170.85
170.35
171.05
171.35
173.0
172.85
170.9
169.6
169.7
171.2
174.05
169.9
171.85
172.95
173.05
170.05
167.95
170.0
169.2
171.85
181.35
179.45
177.6
178.0
182.4
184.3
184.55
183.7
179.4
178.9
179.95
178.9
179.45
180.0
179.5
178.8
179.4
178.75
181.0
181.0
178.8
180.05
182.0
181.55
184.85
181.25
181.7
182.7
184.25
183.6
185.2
182.1
185.95
185.1
184.15
183.75
184.65
186.2
188.5
186.9
189.95
189.3
189.5
197.9
195.2
195.3
195.25
205.95
191.7
187.95
188.25
190.6
188.6
188.95
187.55
190.0
187.65
188.1
192.3
192.25
189.8
183.75
183.0
190.85
194.6
204.55
198.5
201.45
201.05
200.6
200.3
200.25
198.85
204.6
210.35
205.95
201.9
198.95
194.5
196.5
194.45
198.35
194.65
195.0
185.3
184.05
186.0
188.0
185.6
186.9
181.6
179.05
174.6
174.35
173.25
170.8
169.9
172.0
169.25
169.5
172.0
171.7
175.35
177.25
172.9
172.05
170.8
169.65
170.95
173.35
173.3
169.95
167.55
163.8
165.35
168.85
169.55
169.65
168.75
168.2
165.55
165.55
168.35
173.35
179.4
179.45
180.4
180.9
177.15
175.4
180.0
177.0
179.05
184.05
184.0
180.75
179.9
178.85
177.95
178.2
179.05
179.95
180.4
180.25
181.6
182.45
185.75
184.65
186.95
186.8
188.55
187.15
186.85
186.7
186.15
188.0
187.45
188.0
188.45
190.6
189.85
187.6
184.8
186.85
186.2
186.65
189.05
190.65
188.75
187.3
189.0
188.75
188.05
186.1
181.85
182.6
177.8
175.8
172.4
168.65
171.4
174.6
177.85
180.05
182.15
187.65
192.0
186.85
184.75
187.15
187.65
185.95
190.65
195.7
197.4
198.1
197.7
198.1
198.65
191.95
193.4
193.65
193.7
197.15
195.1
197.85
196.4
193.8
193.0
193.95
195.85
197.4
193.3
194.3
193.4
