1723.45
1783.45
1748.5
1716.75
1725.15
1722.7
1731.45
1742.3
1744.75
1763.05
1795.0
1814.95
1799.3
1783.45
1841.35
1852.95
1815.8
1841.05
1825.3
1807.85
1819.9
1826.85
1812.85
1770.7
1813.2
1792.1
1768.4
1762.0
1771.25
1762.8
1764.3
1764.8
1771.9
1796.25
1838.95
1826.1
1809.2
1824.9
1814.9
1823.8
1831.55
1833.0
1879.85
1865.85
1852.8
1859.1
1907.35
1909.4
1887.9
1863.25
1876.45
1881.95
1888.75
1886.05
1908.1
1975.0
1959.15
1946.55
1943.75
1976.75
1955.75
1906.4
1915.05
1908.35
1930.15
1961.6
1972.5
1960.35
1996.8
1996.3
1970.35
2062.75
2141.3
2179.8
2182.35
2182.95
2209.05
2290.75
2416.2
2404.1
2439.9
2224.8
2161.65
2157.6
2212.45
2247.75
2364.1
2294.6
2250.35
2240.85
2176.75
2094.2
2093.65
2071.65
2159.0
2141.5
2192.1
2184.75
2211.6
2225.35
2233.5
2209.1
1114.7
1121.4
1108.65
1102.2
1114.95
1125.95
1139.65
1136.95
1135.65
1089.5
1095.4
1097.3
1096.05
1071.15
1063.6
1069.65
1101.15
1078.95
1088.35
1090.0
1093.4
1098.3
1109.75
1121.1
1153.85
1155.95
1189.6
1175.75
1153.85
1121.35
1139.15
1115.1
1130.7
1145.35
1126.85
1124.25
1132.25
1152.65
1149.05
1150.3
1145.05
1129.1
1145.75
1150.3
1135.85
1138.1
1126.65
1129.85
1128.25
1130.0
1123.05
1106.35
1125.9
1128.95
1119.05
1116.25
1130.45
1148.1
1161.05
1164.1
1166.55
1166.65
1172.95
1166.9
1158.6
1154.85
1162.5
1149.7
1147.5
1137.2
1126.95
1129.7
1099.5
1100.3
1084.45
1087.45
1077.1
1067.4
1070.7
1060.2
1057.95
1081.85
1087.1
1144.2
1129.15
1140.95
1141.95
1124.5
1106.55
1087.3
1110.45
1068.65
1033.65
1017.65
1019.55
987.15
992.75
969.75
988.5
975.35
995.65
991.4
980.0
941.9
940.85
934.05
950.55
957.45
970.45
977.6
1010.65
1022.75
1009.6
1016.4
1004.3
1012.55
963.7
975.85
975.2
983.85
991.95
979.05
969.4
972.2
977.0
982.25
987.25
1008.55
1010.6
1013.35
995.15
1013.9
1013.45
1020.1
1021.9
1023.05
1039.05
1048.55
1091.05
1069.45
1059.95
1058.45
1042.25
1050.15
1051.1
1055.8
1040.15
1051.0
1044.0
1022.2
1050.05
1071.2
1064.95
1064.05
1078.6
1057.25
1090.15
1070.65
1056.25
1043.25
1034.7
1030.25
1040.05
1041.5
1084.65
1110.15
1099.45
1125.75
1141.75
1140.75
1142.05
1148.25
1137.5
1113.5
1123.3
1122.0
1115.05
1123.25
1107.55
1113.15
1123.05
1117.2
1108.35
1102.75
1100.0
1098.05
1107.2
1110.65
1109.65
1133.6
1144.4
1139.1
1123.0
1121.8
1150.3
1163.9
1165.9
1153.5
1152.45
1151.3
1159.1
1186.5
1187.85
1204.65
1204.15
1186.45
1189.8
1195.5
1198.5
1175.35
1181.4
1172.7
1150.75
1184.15
1192.9
1184.65
1159.9
1175.95
1194.05
1261.9
1274.15
1275.6
1300.0
1303.6
1314.3
1347.85
1337.8
1331.75
1303.3
1314.05
1322.5
1317.85
1314.75
1329.8
1317.55
1331.55
1324.15
1304.0
1310.2
1337.8
1342.6
1344.5
1336.4
1329.25
1329.0
1334.95
1332.35
1319.8
1318.3
1295.05
1290.8
1299.8
1298.65
1283.95
1269.4
1271.65
1264.65
1246.5
1234.6
1224.55
1279.55
1267.95
1256.25
1274.5
1266.3
1277.6
1275.4
1276.2
1279.9
1288.95
1287.6
1267.35
1259.65
1253.95
1266.8
1245.05
1251.6
1255.6
1221.05
1161.5
1153.05
1167.0
1184.2
1169.9
1179.35
1177.7
1147.65
1155.05
1166.2
1174.45
1174.0
1150.35
1135.85
1132.35
1154.25
1160.75
1161.0
1161.5
1149.65
1160.35
1171.8
1152.0
1151.6
1162.25
1141.05
1148.6
1108.25
861.5
762.3
788.45
824.6
789.25
783.7
797.85
777.85
752.3
764.0
737.4
734.15
739.35
740.1
738.3
746.2
738.0
738.4
739.25
732.2
714.4
687.05
683.05
673.3
708.5
701.1
700.1
693.7
737.65
760.35
755.3
737.9
739.3
757.05
750.1
740.4
724.5
709.5
733.2
748.5
756.75
762.4
751.0
749.55
767.1
758.85
764.85
751.55
758.5
757.7
755.0
774.45
759.9
761.3
771.85
767.4
771.2
763.8
790.65
634.45
627.0
622.55
623.45
634.55
633.1
626.75
622.95
623.85
627.3
631.75
628.15
622.05
658.1
659.0
650.7
648.9
639.9
632.15
633.35
630.9
630.85
634.85
647.25
643.5
629.65
628.4
626.75
624.75
626.9
625.95
626.95
632.05
637.35
635.2
625.85
624.25
