764.75
783.7
777.3
748.2
729.95
748.05
750.8
725.9
735.85
756.7
767.05
792.8
784.3
786.95
776.95
782.3
791.8
781.75
796.9
817.7
850.15
860.75
846.75
839.2
866.7
855.7
843.05
849.4
843.9
842.4
837.5
833.5
820.5
810.45
833.8
835.65
846.15
860.85
848.4
858.35
862.05
871.85
879.35
887.95
900.0
902.85
930.85
932.35
916.1
866.65
881.75
909.3
926.95
917.65
938.0
939.65
963.4
952.2
972.05
970.3
965.55
954.45
944.95
949.3
947.2
926.75
908.8
933.55
930.6
938.6
955.5
946.7
925.25
870.0
885.25
873.75
865.15
896.45
887.1
902.05
889.65
818.6
862.75
837.65
880.2
860.95
883.2
863.35
849.1
837.95
850.6
830.2
821.25
820.25
839.7
850.55
880.4
879.6
862.35
869.55
871.25
861.4
876.75
880.9
883.5
847.8
850.7
855.1
860.7
875.65
863.55
854.95
848.5
849.05
863.5
862.3
893.1
911.25
918.5
912.45
900.6
910.2
903.75
914.65
909.4
879.1
871.1
871.8
876.7
886.0
889.0
896.1
902.9
876.85
889.45
906.05
898.65
876.25
884.0
907.4
916.1
905.7
907.4
904.95
901.35
901.75
932.7
932.15
919.95
906.5
910.75
912.0
882.25
904.15
892.9
890.05
889.65
903.55
903.95
900.75
897.5
902.7
900.8
904.1
903.3
902.6
891.7
892.3
896.05
891.45
902.65
912.3
884.25
903.55
888.05
890.15
895.9
909.4
932.55
896.6
895.8
885.5
875.55
883.25
877.9
870.6
868.9
893.15
880.15
850.3
829.55
831.75
843.0
825.2
824.9
837.55
817.75
772.8
779.75
751.0
780.95
789.75
765.85
759.4
736.05
768.9
764.15
764.7
769.25
793.7
786.6
789.95
815.2
820.9
799.35
794.15
803.65
804.75
810.9
818.4
864.85
856.9
870.05
870.7
868.5
873.6
874.0
901.15
904.3
887.25
887.0
890.4
890.15
885.05
899.65
917.2
920.85
925.65
969.9
954.25
970.75
965.9
978.3
975.8
982.35
962.75
978.0
969.55
953.9
947.05
938.8
939.2
937.0
927.35
919.55
926.45
927.8
922.7
945.3
933.1
943.25
920.5
921.9
895.95
917.4
926.8
1012.0
999.45
980.5
987.1
1003.1
1012.5
994.25
976.25
980.15
997.45
986.85
1008.65
991.15
1011.0
1011.5
1004.95
1004.8
1008.55
1009.35
1023.85
1013.45
1038.2
1051.7
1054.35
1072.15
1091.95
1106.15
1097.95
1114.1
1114.7
1133.3
1120.55
545.6
553.4
554.75
556.15
572.15
574.5
576.25
583.2
593.5
588.35
588.5
583.8
592.65
594.6
579.35
572.9
569.3
586.55
606.75
595.65
583.55
596.85
579.95
596.4
587.35
587.1
593.2
597.5
576.1
581.75
598.25
595.75
598.8
608.25
602.6
586.8
586.75
598.6
589.8
587.2
588.55
565.9
575.35
568.15
577.95
585.2
585.75
586.8
598.8
604.65
622.45
610.75
616.3
610.15
612.6
627.75
637.45
649.9
670.7
663.55
657.8
657.1
666.85
659.1
656.75
660.6
662.15
668.25
686.2
685.45
676.05
676.6
669.05
669.25
676.15
660.15
644.05
643.5
660.1
660.55
659.95
664.55
649.6
643.6
634.15
635.5
642.55
633.85
640.9
633.9
638.1
639.4
651.3
643.8
643.95
628.9
608.15
604.2
612.95
632.15
638.05
634.65
611.85
628.65
620.6
615.65
611.1
611.85
612.05
613.8
610.75
610.9
602.25
615.55
615.15
639.65
635.5
640.5
650.55
655.45
672.7
664.85
653.1
660.3
660.9
659.3
657.65
668.1
664.95
655.45
673.9
664.75
677.05
682.4
711.2
704.75
704.65
681.65
692.75
701.9
698.6
705.35
716.65
720.5
726.85
715.55
714.55
692.05
674.7
669.4
679.0
700.25
703.95
714.3
717.65
707.7
670.05
659.45
635.15
632.8
637.55
645.9
639.0
632.0
623.35
636.7
636.5
647.75
642.1
643.6
641.9
645.0
655.05
649.7
643.15
645.95
643.1
640.65
649.85
638.4
637.75
646.2
675.35
700.3
710.4
717.3
731.1
723.75
724.2
722.9
721.3
715.8
714.85
739.35
731.75
736.0
719.25
739.85
736.2
731.5
724.75
715.6
721.4
728.25
730.65
733.15
727.85
