200.5
201.85
205.75
199.15
192.85
199.75
204.85
199.15
202.3
204.35
204.45
205.5
204.95
204.95
204.05
200.95
205.0
202.6
202.85
201.5
205.15
201.55
194.5
187.45
189.9
186.0
184.75
183.95
185.2
181.25
179.5
180.85
178.6
178.9
179.95
179.95
183.7
184.15
185.15
186.25
182.95
181.9
184.35
188.65
194.95
197.35
201.6
203.25
197.95
203.15
202.35
206.8
212.9
217.0
222.2
223.15
225.05
223.0
225.05
227.0
232.6
230.2
236.55
238.9
241.6
240.3
264.65
296.65
314.75
284.85
298.45
301.2
297.6
291.95
256.45
258.15
233.7
234.65
244.7
238.05
233.85
207.1
214.65
208.2
214.1
211.0
203.9
199.55
206.8
212.85
205.75
197.2
198.85
203.3
199.1
201.3
204.4
204.3
201.0
208.25
219.0
214.6
219.0
236.05
230.1
227.25
226.55
229.9
237.8
245.7
245.25
242.4
243.85
241.4
241.35
242.45
241.95
241.7
252.8
261.9
257.5
252.5
248.8
256.55
254.9
252.4
251.25
226.8
229.15
229.75
225.7
225.45
232.15
228.65
233.55
229.15
232.3
231.8
226.8
225.55
226.1
226.3
229.95
234.95
241.1
247.45
248.95
249.75
244.6
244.85
250.85
255.45
247.4
249.45
248.35
248.15
249.05
249.95
251.4
249.1
249.4
249.75
248.3
246.95
247.35
248.4
251.75
252.6
249.25
247.3
248.2
250.1
241.7
243.15
240.6
236.55
233.05
228.9
221.65
211.2
217.65
214.25
214.9
237.6
237.15
240.25
238.05
241.8
244.85
243.7
234.6
230.8
236.25
235.8
234.6
229.7
216.75
213.2
223.2
223.25
219.7
225.1
225.65
234.6
224.9
222.9
217.7
214.55
211.4
219.4
222.75
221.35
219.6
221.55
219.25
217.7
221.7
223.95
219.55
218.8
220.3
217.4
214.0
212.45
212.85
207.6
206.65
217.7
209.15
208.75
210.4
203.15
204.6
210.45
207.15
207.1
214.8
216.85
221.0
225.9
224.75
219.8
219.2
220.45
223.0
221.95
222.05
220.1
219.55
212.65
212.8
215.75
213.2
221.4
224.5
234.65
238.7
236.0
234.25
233.8
233.0
230.5
230.05
230.35
230.8
228.2
227.65
244.6
251.65
262.8
263.7
267.2
275.3
274.85
272.0
274.45
277.0
281.65
284.5
278.85
278.1
277.65
278.15
277.85
276.5
276.0
267.4
274.05
281.0
289.3
290.25
286.05
295.4
289.3
289.15
286.85
288.75
289.4
286.6
289.0
285.7
284.35
275.65
284.65
282.05
283.45
290.8
288.8
290.45
289.9
285.45
285.05
284.65
279.55
283.55
284.2
282.7
279.0
274.6
271.65
293.3
283.55
283.0
286.55
284.6
286.0
285.7
288.95
293.7
288.2
287.35
287.1
286.35
283.75
287.15
289.65
288.6
288.65
287.15
280.5
286.5
288.75
294.7
341.65
333.9
330.75
331.4
329.65
335.35
330.5
332.15
304.6
313.25
326.45
333.6
335.05
339.75
334.0
337.25
328.6
337.1
342.4
342.65
360.5
367.9
369.8
369.65
368.4
365.65
359.95
362.2
362.65
365.05
351.15
340.3
326.6
342.85
341.4
334.4
351.9
346.2
350.6
350.5
349.4
334.35
315.65
319.2
327.1
326.7
327.7
337.2
350.05
359.25
355.9
349.2
348.55
357.85
351.2
360.35
357.0
360.35
370.6
367.45
369.0
365.85
365.15
356.85
358.8
359.35
351.3
343.15
356.4
355.45
357.1
368.3
369.45
366.4
372.2
373.7
371.85
392.5
390.5
388.5
384.0
385.95
401.4
398.75
400.95
394.5
392.4
394.75
391.05
388.7
387.3
388.05
381.45
389.4
391.2
393.85
406.2
392.0
378.95
379.95
376.55
360.75
372.1
361.25
364.1
361.45
370.85
370.2
372.4
372.95
371.1
373.8
376.1
379.6
379.4
380.75
380.9
376.3
380.7
380.45
385.6
389.3
397.65
405.0
397.4
390.7
391.3
394.35
395.2
390.1
396.05
398.95
395.9
419.5
417.4
427.2
420.95
420.95
430.6
454.45
446.55
458.45
467.9
470.5
477.4
471.9
471.0
471.65
474.5
481.6
480.75
478.55
484.0
479.45
481.65
465.6
477.65
469.65
480.5
476.85
472.85
474.15
