1826.45
1907.7
1881.75
1847.65
1834.3
1901.8
1898.9
1879.65
1905.7
1912.05
1957.8
1959.75
1957.05
1956.95
1924.1
1926.5
1919.5
1927.75
1925.45
1920.45
1976.2
1978.9
1908.45
1892.65
1874.0
1905.4
1856.75
1871.35
1882.45
1875.8
1876.7
1877.55
1866.75
1864.1
1846.2
1852.95
1851.55
1859.65
1874.8
1873.0
1850.95
1855.35
1857.25
1893.65
1898.95
1908.75
1906.65
1902.65
1900.9
1899.8
1892.55
1898.85
1907.45
1894.9
1899.9
1898.3
1907.05
1894.1
1897.25
1870.6
1852.45
1902.65
1899.25
1908.05
1897.9
1912.25
1932.35
1968.6
2157.55
2098.3
2104.15
2114.8
2088.45
2034.8
2071.8
2090.3
2032.9
2050.45
2043.0
2042.6
2033.4
1984.15
1942.25
1930.15
1952.1
1945.7
1941.4
1930.4
1950.1
1928.45
1846.95
1827.6
1826.4
1835.75
1829.0
1850.0
1859.75
1849.55
1850.0
1866.95
1854.7
1859.4
1837.45
1808.75
1798.15
1815.95
1873.5
1852.15
1855.6
1864.45
1854.6
1845.25
1846.95
1855.05
1819.7
1833.1
1847.35
1854.6
1835.55
1811.3
1836.9
1841.0
1830.75
1849.35
1840.0
1814.6
1842.6
1822.5
1815.3
1827.5
1782.35
1806.95
1814.95
1816.8
1836.4
1839.45
1843.35
1839.5
1815.85
1841.6
2031.95
1996.2
1978.2
1957.25
2113.35
2179.85
2188.65
2105.1
2090.6
2044.0
2016.3
2004.35
1960.65
1972.3
2009.6
2019.1
2001.6
2017.25
2019.85
2026.6
2061.95
2063.5
2077.0
2055.4
2042.0
2047.25
2036.75
2093.75
2064.7
2041.95
2030.0
2053.8
2026.4
2051.75
2058.3
2037.25
2053.2
1996.9
1997.75
1932.95
1939.35
1898.25
1870.2
1945.2
1955.75
1940.65
1992.1
2083.45
2089.3
2059.5
2051.1
2065.15
2069.65
2023.3
2030.3
2039.8
2021.25
2024.35
2036.05
1970.35
2029.95
2027.5
1988.45
1944.4
1908.4
1895.45
1890.8
1877.55
1851.45
1981.3
1967.75
1986.6
2034.6
2025.6
2027.7
2024.8
2019.3
2015.75
2038.0
2034.6
2041.15
2042.05
2069.75
2079.35
2064.45
2020.7
2035.55
2069.4
2147.55
2116.35
2116.5
2068.35
2058.65
2030.1
2013.45
2011.2
2017.25
2005.75
2005.8
2013.45
2015.4
1980.4
1999.5
1993.9
1997.1
2005.15
2050.55
2034.45
2013.1
1967.25
1953.8
1971.4
1993.9
2037.65
2020.5
2051.4
2039.75
2025.45
2026.1
1990.75
1991.05
1988.75
1984.35
1993.55
1991.8
1986.6
1972.85
1986.0
2001.1
2011.95
2001.9
2019.95
2020.95
2075.05
2033.35
2048.7
2064.25
2069.3
2076.15
2068.85
2039.15
2054.55
2051.5
2045.85
2010.25
2034.6
1996.9
2036.0
2068.65
2082.25
2117.95
2120.2
2143.4
2149.25
2141.55
2129.2
2149.55
2136.45
2138.4
2130.7
2151.95
2139.65
2145.15
2151.2
2149.65
2148.65
2150.65
2140.7
2160.45
2221.45
2288.5
2377.0
2383.8
2369.4
2431.0
2544.65
2459.85
2447.05
2390.75
2385.6
2452.35
2418.35
2431.1
2423.5
2408.7
2400.9
2387.65
2405.75
2403.5
2441.8
2401.8
2448.45
2454.4
2465.1
2460.85
2531.05
2548.5
2552.15
2498.45
2478.05
2494.8
2508.25
2561.65
2547.95
2524.65
2566.05
2613.5
2645.7
2640.8
2611.7
2614.75
2535.3
2578.3
2619.8
2623.95
2635.5
2628.0
2598.85
2652.75
2759.45
2795.2
2770.85
2969.1
3042.75
3243.35
3346.65
3380.4
3391.6
3333.75
3319.0
3450.1
3415.5
3385.5
3363.25
3067.1
2861.35
2922.15
2945.65
2885.7
2962.95
2895.6
2776.1
2753.1
2823.6
2781.9
2701.9
2785.25
2769.65
2788.5
2802.25
2860.05
2848.35
2825.0
2802.35
2818.4
2844.0
2798.9
2782.85
2813.85
2810.25
2825.35
2849.05
2857.6
2840.65
2852.85
2845.4
2802.0
2810.8
2767.7
2766.35
2770.95
2824.0
2846.7
2895.75
2993.85
2992.9
2994.85
2985.95
2990.25
2994.45
2977.0
2985.35
3007.95
3024.7
3031.25
3024.9
3039.4
3045.55
3047.45
3022.6
3055.15
3133.4
3200.65
3192.75
3185.85
3184.75
3205.5
3199.5
3218.55
3230.9
3439.0
3526.3
3485.9
3521.2
3506.65
3494.8
3425.25
3420.0
3379.4
3328.0
3307.55
3347.6
3375.1
3395.1
3377.95
3360.0
3341.4
3322.7
3355.15
3331.8
3289.8
3324.0
3333.65
3349.15
3325.25
3351.3
3356.4
3347.2
3348.95
3354.5
3409.5
3469.7
3461.1
3420.65
3794.4
3696.9
3642.35
3671.45
3694.95
3721.6
3795.15
3830.55
3866.4
3919.05
3973.75
4082.95
4095.7
4143.45
4252.05
4332.9
4405.25
4431.7
4452.0
4392.95
4320.4
4326.4
4290.25
4221.6
4275.45
4267.9
4171.5
4137.55
4126.45
4089.3
4067.5
