69.75
70.35
70.55
69.05
67.7
69.3
69.25
68.2
68.45
68.45
68.95
69.2
70.6
70.3
70.05
69.4
68.7
68.55
67.9
68.8
64.65
64.1
63.65
60.75
60.05
60.7
59.75
60.0
59.85
59.3
59.1
58.6
57.6
59.4
60.7
61.45
62.1
61.75
61.65
61.65
60.5
58.85
58.85
60.7
60.05
60.4
59.6
59.95
61.15
62.25
61.3
61.45
61.75
61.1
61.35
62.45
63.45
62.75
63.25
64.8
64.45
63.6
62.75
62.6
63.65
64.35
63.5
63.85
65.3
67.0
67.05
69.1
69.65
64.8
64.05
64.05
63.2
63.25
62.45
61.6
60.5
54.1
54.85
54.95
58.7
58.6
58.7
57.95
58.35
57.2
56.95
55.85
56.3
56.65
56.25
56.4
56.9
57.45
57.3
56.95
58.25
56.65
58.0
57.9
58.9
58.45
57.9
57.85
58.65
59.0
59.85
61.05
61.6
63.4
62.45
61.1
61.0
61.1
61.05
61.1
61.05
59.6
60.2
61.05
62.3
61.35
61.15
61.5
63.15
73.25
69.6
76.2
74.3
73.45
75.2
73.5
72.2
76.7
77.55
78.65
80.1
78.85
78.65
78.25
76.7
76.2
78.25
77.1
77.95
77.7
78.05
77.95
75.0
76.5
75.1
78.35
78.4
78.45
78.65
77.6
77.6
77.0
77.7
77.2
77.05
77.9
77.0
80.9
82.7
84.1
81.8
82.7
81.95
82.75
83.55
86.7
83.55
84.45
82.35
77.9
77.85
74.4
75.9
76.8
79.75
81.55
86.1
82.5
81.05
81.6
76.5
74.2
77.0
76.7
74.55
74.1
66.4
70.35
73.45
70.55
72.5
72.6
71.15
72.3
70.2
69.9
69.35
69.05
69.15
69.7
71.0
72.5
71.5
70.6
67.1
75.4
79.6
82.8
82.85
83.55
80.55
79.3
78.4
78.45
78.9
78.05
78.5
81.65
81.6
80.35
83.85
78.9
84.6
82.5
87.8
88.55
89.7
87.7
88.75
89.85
89.15
88.9
92.45
93.9
95.6
95.8
99.55
110.35
111.95
116.25
115.05
114.1
114.0
115.75
116.8
117.8
124.85
126.8
129.95
134.65
134.25
128.3
125.45
121.9
132.45
135.5
133.85
138.3
138.85
136.6
135.9
137.85
135.9
138.5
139.3
139.3
139.2
134.8
137.1
141.3
137.8
138.35
137.35
139.3
136.4
135.75
133.3
136.9
135.95
148.8
155.85
160.05
162.35
162.2
160.8
157.75
160.5
160.1
155.2
164.55
168.0
167.5
169.7
170.3
171.2
158.75
155.35
157.25
156.2
157.7
154.35
149.55
144.75
145.15
142.5
145.35
145.25
141.35
138.15
139.7
146.2
151.65
156.05
155.95
155.75
159.1
160.65
161.7
159.0
153.05
153.55
153.0
154.45
150.0
149.8
155.25
153.9
154.0
150.4
150.0
161.7
158.5
168.25
167.7
174.75
175.3
176.0
172.75
165.55
172.55
180.55
174.05
177.7
182.45
183.8
186.05
187.8
187.4
182.05
185.55
193.55
210.2
208.0
226.3
222.4
241.45
280.15
282.6
272.75
278.4
280.8
282.35
279.35
268.7
221.45
213.65
198.9
200.0
190.75
201.75
203.95
198.4
201.85
201.8
200.05
191.15
190.05
203.7
204.45
214.35
213.05
212.45
216.6
212.85
207.4
207.5
207.55
207.2
211.55
208.55
208.2
212.3
210.2
210.35
216.8
221.9
214.15
214.85
208.7
206.95
204.35
203.65
208.6
209.85
213.6
217.85
225.75
234.65
252.6
248.45
256.9
259.2
256.7
252.6
264.75
263.95
260.65
262.5
260.85
252.75
255.65
248.9
250.8
248.8
248.3
243.1
242.9
241.25
245.3
252.2
252.25
258.55
263.6
269.8
265.25
260.4
249.95
260.75
274.45
280.7
276.35
268.6
263.1
267.4
269.75
265.05
263.1
266.7
263.05
259.2
255.35
261.45
257.75
259.7
259.7
258.55
255.2
259.85
258.5
254.85
261.75
259.4
256.0
262.35
264.9
280.85
287.05
292.95
280.6
274.85
269.3
273.85
277.25
284.7
286.8
286.25
282.8
281.15
296.0
293.2
289.35
298.6
295.85
297.1
301.95
314.65
315.25
319.5
312.85
307.95
310.8
316.85
310.8
307.6
305.05
