306.35
316.0
310.8
294.35
280.95
294.25
294.65
290.0
289.65
289.95
291.4
290.95
298.35
294.2
299.05
303.2
304.65
307.95
318.3
312.55
323.05
319.9
327.1
326.8
325.5
325.15
322.05
317.15
316.5
312.9
314.4
314.45
313.8
314.2
326.0
324.85
340.55
345.0
342.05
333.15
334.0
324.55
336.6
352.9
344.8
336.05
339.15
350.1
347.9
339.95
339.9
344.05
353.4
348.1
350.8
354.55
364.15
358.45
354.5
355.55
363.6
362.05
360.1
358.2
357.8
361.9
357.35
358.55
360.0
364.1
364.6
356.75
349.5
337.8
331.3
351.65
348.85
347.05
353.65
356.95
356.1
334.4
340.8
324.8
326.45
322.3
324.95
319.75
313.7
320.7
318.65
317.6
319.05
332.75
325.7
323.75
325.5
319.75
321.95
316.75
317.15
320.05
319.95
319.0
316.9
318.05
327.1
335.7
336.4
342.0
343.25
341.4
335.0
333.0
333.95
333.05
337.55
334.85
347.3
343.0
340.6
342.75
341.0
341.0
346.4
347.5
361.85
364.0
370.5
373.05
367.2
373.1
367.1
365.1
371.7
379.85
376.4
373.65
368.55
371.7
375.45
374.0
374.55
376.75
378.6
380.25
377.75
379.6
379.65
377.2
370.7
371.2
365.8
367.4
364.4
371.8
369.85
373.35
369.25
364.4
365.4
366.05
363.6
362.65
372.35
374.15
376.55
389.1
389.8
389.2
398.35
391.0
390.0
390.35
391.3
388.3
388.8
380.2
376.25
362.25
365.65
360.55
374.45
375.25
385.9
385.65
393.05
389.0
385.3
382.65
380.5
379.65
380.65
380.35
374.05
375.35
368.0
367.7
375.9
370.0
371.15
370.3
369.55
369.45
369.75
364.75
362.8
356.85
359.9
366.0
372.5
374.15
365.4
366.25
373.0
378.95
384.1
392.5
392.25
390.65
401.7
401.75
421.1
404.35
410.3
401.65
399.1
406.25
399.85
399.4
405.4
405.1
413.85
422.25
443.1
435.4
431.8
439.45
463.8
468.15
453.7
448.55
439.45
450.9
454.4
452.55
450.15
454.55
471.95
483.3
480.5
472.95
500.9
500.35
494.45
486.6
489.7
485.5
487.0
488.5
490.8
492.7
488.25
481.35
496.25
495.15
498.3
498.7
491.7
488.6
494.95
501.0
503.4
535.0
535.95
537.75
522.65
531.4
533.9
542.3
542.55
548.75
557.6
554.95
548.15
548.9
545.35
562.25
569.2
564.45
553.65
569.35
575.1
570.1
576.25
577.95
592.9
583.3
579.75
569.55
564.5
559.7
558.35
563.75
563.85
564.35
557.95
556.5
555.55
555.25
549.8
560.9
553.35
536.4
534.9
565.4
569.9
561.2
547.4
539.3
536.35
540.55
550.2
568.1
564.85
553.6
549.95
562.05
553.75
559.65
562.9
574.9
577.6
564.15
557.5
568.65
563.3
585.45
588.6
576.05
583.0
586.95
587.4
581.8
582.75
579.7
609.55
617.95
597.8
601.5
600.35
591.3
595.4
615.4
634.65
626.25
622.1
618.85
630.3
633.4
660.65
646.75
637.0
643.85
635.6
626.2
620.7
630.2
622.1
618.9
615.05
634.55
628.4
610.25
602.8
601.3
613.85
615.9
604.3
616.45
587.35
547.8
566.65
554.0
525.1
523.25
553.8
561.6
563.95
575.4
582.15
583.35
610.2
599.05
582.45
568.6
572.75
559.6
561.8
560.4
559.75
532.4
521.05
520.1
524.25
521.7
519.0
538.75
522.05
529.5
506.4
517.95
526.0
539.3
548.0
558.25
569.2
575.3
577.5
577.75
574.75
604.15
617.55
612.55
604.05
604.4
610.9
623.45
618.5
619.35
624.95
640.65
659.2
662.65
668.3
702.75
714.6
703.4
702.85
715.15
681.3
680.6
680.05
688.8
679.95
667.75
656.9
678.3
674.4
677.05
677.9
666.85
652.0
653.6
665.65
668.35
659.2
657.95
654.15
654.55
641.55
630.5
626.45
646.2
638.05
643.5
634.7
655.35
655.1
656.95
655.45
651.15
641.85
662.9
657.65
664.95
672.65
674.65
671.7
671.95
674.1
676.9
671.8
666.6
674.1
663.75
671.2
670.75
686.05
670.9
692.0
699.65
700.8
688.85
687.3
687.75
688.1
681.15
679.05
686.55
705.1
716.55
721.0
708.1
702.2
