586.55
582.35
600.25
582.0
569.1
565.15
583.15
571.65
594.0
601.1
600.3
614.15
621.95
623.35
632.0
645.55
649.6
633.65
636.85
608.1
654.2
641.8
604.15
603.0
599.55
596.35
599.25
592.5
592.85
586.75
590.35
592.95
585.25
595.7
611.4
622.05
638.65
628.1
632.8
609.45
598.0
586.2
595.4
604.6
620.0
617.5
613.95
631.6
616.9
612.0
613.05
626.0
608.9
604.6
603.65
604.2
604.05
600.2
599.4
611.35
606.75
594.75
592.25
601.3
608.05
609.0
611.35
604.25
590.05
588.05
598.35
596.75
594.9
570.3
543.7
536.1
512.9
527.25
528.9
515.0
513.6
439.1
463.45
482.15
480.0
472.7
478.5
470.3
468.25
474.5
476.55
458.5
462.35
457.55
458.0
453.4
460.3
447.7
458.9
441.35
442.0
435.4
434.75
442.55
433.05
433.0
439.4
441.6
441.65
437.15
439.85
445.7
460.15
473.4
489.0
487.25
483.15
477.6
474.35
474.8
479.9
472.9
460.65
453.7
454.0
442.15
445.35
434.2
431.2
435.3
415.4
431.1
431.8
418.3
427.45
431.8
429.75
454.05
448.75
468.8
480.2
481.8
489.5
493.15
486.35
490.25
482.5
486.55
482.65
483.2
482.6
471.25
455.2
477.15
468.0
469.4
483.6
482.75
487.7
488.5
520.8
499.25
505.75
510.35
535.15
521.05
514.35
513.7
524.6
521.15
517.1
521.3
511.5
527.35
525.0
530.0
552.05
535.9
530.05
490.5
505.3
480.25
485.3
501.0
515.6
522.05
524.05
538.9
537.65
532.3
516.7
504.95
505.4
510.0
525.75
536.75
523.35
522.95
530.6
520.65
529.5
538.65
530.75
526.9
524.2
532.2
528.35
528.6
543.05
544.75
555.95
558.15
555.35
557.0
566.25
555.1
555.35
555.1
555.3
554.15
556.05
584.4
587.3
580.75
584.2
584.55
588.1
583.5
589.05
585.55
601.95
608.35
619.1
606.85
622.15
616.7
641.05
649.55
614.3
636.35
633.5
611.25
609.25
608.55
607.7
613.3
601.55
608.4
607.4
598.6
585.5
586.55
585.7
586.05
590.4
609.75
630.1
624.25
637.4
635.4
633.1
631.05
618.15
610.0
620.95
629.1
638.95
628.2
638.3
668.25
653.95
655.8
669.5
674.65
656.1
658.25
651.75
649.3
654.35
646.95
646.9
642.8
648.6
657.95
639.2
631.25
623.05
643.1
640.25
648.9
657.95
664.95
649.3
641.4
644.2
643.45
655.9
657.6
643.0
640.2
640.9
634.8
637.15
655.75
644.8
649.0
650.9
652.1
660.35
668.8
663.9
645.5
645.65
640.4
634.7
639.55
650.0
634.7
638.85
639.4
677.5
678.15
662.45
677.5
695.4
710.05
723.05
712.35
715.5
720.05
731.8
750.35
762.5
736.35
724.7
696.0
702.9
705.05
694.1
671.15
663.7
655.15
669.0
685.6
710.2
710.5
711.15
668.85
665.7
669.95
678.3
661.7
669.35
681.3
682.15
676.4
681.0
683.0
683.55
677.9
677.45
650.95
651.65
661.1
646.2
646.6
662.85
653.75
666.2
665.8
694.35
697.75
702.65
699.65
697.85
669.7
690.55
685.75
678.45
727.4
741.7
707.75
711.55
695.95
705.3
680.2
679.25
685.25
692.6
708.0
711.45
702.4
719.5
708.9
706.45
694.85
706.25
702.2
700.75
701.75
701.2
709.1
701.1
701.8
702.35
717.5
718.65
720.1
715.6
713.65
713.25
716.45
727.0
734.85
734.6
746.45
759.65
764.05
776.1
775.45
786.1
786.75
786.2
769.45
768.15
772.3
780.5
756.95
744.95
731.45
739.25
737.45
729.25
747.8
730.45
687.45
720.65
730.15
756.25
758.35
741.6
758.4
779.3
778.95
773.3
767.1
755.95
764.8
758.0
774.5
774.7
768.45
776.65
774.05
777.05
782.15
785.1
782.15
786.5
780.2
786.05
788.15
791.8
794.75
795.35
794.55
797.2
815.8
815.6
792.05
804.6
812.25
819.75
801.8
797.05
793.0
795.25
795.55
791.85
789.1
777.2
786.55
807.55
815.65
819.1
813.65
827.9
829.95
859.15
875.45
896.3
889.1
875.05
868.85
903.95
916.5
897.2
896.95
883.85
894.65
896.85
898.65
898.4
910.65
904.45
