1158.05
1164.2
1167.25
1171.35
1118.95
1172.85
1192.95
1159.9
1160.55
1165.45
1164.15
1165.9
1173.05
1162.4
1174.1
1166.1
1155.55
1157.9
1147.15
1150.1
1171.3
1181.15
1185.05
1141.2
1154.35
1153.35
1149.15
1145.55
1117.7
1096.0
1096.25
1105.7
1115.4
1152.05
1169.55
1156.9
1165.35
1167.3
1170.6
1174.4
1171.55
1153.8
1195.2
1207.2
1221.75
1222.3
1226.05
1210.85
1203.95
1200.35
1204.35
1232.0
1213.45
1217.85
1220.05
1223.45
1225.35
1204.1
1215.35
1277.8
1211.35
1246.7
1242.2
1237.0
1238.55
1270.55
1248.7
1239.35
1335.65
1305.6
1407.0
1406.2
1362.4
1320.85
1313.7
1316.95
1337.85
1364.95
1499.75
1463.1
1459.5
1242.45
1247.15
1242.55
1289.85
1305.6
1352.85
1327.15
1320.85
1352.25
1314.85
1292.15
1288.8
1305.95
1342.2
1399.05
1407.75
1388.3
1393.8
1463.0
1516.15
1446.75
1446.9
1452.1
1493.75
1496.45
1555.5
1601.75
1585.05
1589.3
1591.5
1586.5
1578.8
1576.4
1611.55
1597.0
1582.05
1570.5
1580.05
1579.8
1579.0
1588.2
1564.75
1579.95
1564.65
1563.95
1670.25
1686.2
1767.35
1732.6
1716.8
1725.95
1739.6
1689.1
1701.7
1659.95
1635.25
1671.45
1651.8
1659.3
1679.5
1648.0
1651.65
1670.2
1697.55
1663.8
1649.5
1627.75
1670.95
1636.45
1626.2
1594.65
1584.55
1572.1
1555.7
1558.55
1594.2
1577.15
1629.55
1622.7
1601.65
1586.45
1608.15
1626.25
1617.4
1603.45
1604.25
1611.75
1675.6
1698.5
1697.1
1676.65
1627.7
1631.85
1615.55
1584.9
1560.55
1534.65
1495.25
1449.65
1448.95
1389.6
1403.7
1465.4
1462.35
1459.8
1452.7
1452.5
1447.0
1503.95
1454.45
1476.9
1461.2
1459.35
1462.75
1470.15
1405.4
1347.2
1400.6
1321.15
1349.3
1365.75
1395.05
1397.6
1382.75
1353.7
1359.45
1360.7
1352.65
1402.4
1425.95
1428.15
1426.7
1443.25
1452.6
1441.9
1463.3
1497.85
1495.15
1495.8
1508.85
1513.2
1519.9
1523.9
1515.05
1470.3
1489.6
1490.55
1534.3
1519.95
1536.35
1599.6
1629.25
1672.75
1657.05
1691.75
1709.0
1734.7
1804.05
1798.75
1773.3
1754.05
1753.55
1779.95
1825.5
1827.9
1800.95
1728.35
1833.95
1796.35
1876.6
1899.35
1935.75
1951.85
1990.25
2026.2
1965.65
1895.9
1928.1
1907.85
1880.25
1874.5
1851.4
1874.65
1872.35
1862.8
1884.0
1889.95
1879.05
1874.05
1872.45
1838.35
1884.9
1891.7
1871.65
1891.15
1886.95
1859.85
1867.95
1874.3
1867.85
1897.05
1892.05
1884.35
1874.65
1864.55
1828.95
1907.25
1877.75
1937.0
2050.5
2026.0
2021.8
2012.55
2038.0
2034.7
2038.6
2047.15
2027.25
2105.45
2090.45
2135.0
2127.95
2151.55
2170.5
2093.1
2071.55
1983.6
1929.0
1963.3
1921.65
1921.8
1951.55
1931.1
1907.15
1963.6
1921.85
1923.8
1908.45
1914.8
1963.65
1970.65
1993.65
2105.75
2137.5
2130.1
2188.25
2150.5
2107.25
2124.95
2135.2
2200.9
2226.45
2178.85
2189.75
2201.85
2161.15
2132.4
2157.8
2066.0
2137.05
2177.3
2182.0
2151.7
2179.6
2195.05
2210.45
2241.7
2248.85
2307.2
2301.95
2239.55
2284.35
2384.9
2418.05
2440.05
2380.05
2381.35
2414.95
2362.85
2384.35
2348.05
2410.05
2439.55
2429.3
2419.3
2353.15
2380.8
2313.45
2304.25
2309.3
2334.9
2292.6
2240.65
2195.15
2173.1
2196.5
2175.5
2252.4
2272.75
2160.25
2026.45
2059.5
2043.4
2070.65
1996.8
2014.95
2028.95
2000.25
2044.75
2145.6
2198.25
2234.75
2165.7
2099.2
2123.6
2117.75
2161.7
2170.5
2152.45
2133.0
2106.15
2102.65
2099.95
2085.0
2090.8
2070.15
2064.35
2031.35
2020.15
1969.05
2008.15
2051.95
2068.5
2077.9
2047.65
2054.05
2048.9
2049.45
2076.9
2076.05
2077.8
2122.35
2178.95
2154.85
2172.45
2161.5
2258.35
2240.45
2157.05
2127.9
2137.9
2182.45
2254.9
2273.8
2269.8
2303.85
2301.65
2381.7
2395.8
2398.4
2334.8
2321.8
2301.95
2303.9
2287.45
2219.9
2227.35
2212.65
2234.95
2250.0
2228.1
2220.45
2220.95
2228.3
2223.7
2207.95
2189.25
2174.4
2151.35
2135.4
2175.1
2155.95
2159.75
2191.55
2212.4
2264.1
2229.95
2241.95
2230.35
2230.75
2250.4
2276.2
2290.0
2380.45
2405.65
2391.85
2367.05
2374.9
2392.1
2421.25
2463.55
2498.95
2517.6
2492.15
2499.5
2429.0
2412.4
2421.35
2503.2
2500.6
2528.05
2474.75
2451.15
2443.2
2400.75
2375.85
2372.45
2442.1
2449.75
2480.35
2517.5
2528.6
2513.25
2559.05
