163.25
164.45
161.25
154.75
150.7
152.3
154.2
148.65
145.85
148.5
148.0
154.05
155.4
156.3
153.95
153.65
155.0
149.25
151.05
152.85
156.75
160.8
162.6
161.6
164.4
168.35
168.95
166.75
166.55
160.05
160.85
168.85
169.4
173.45
172.65
170.85
171.85
176.6
176.6
176.2
175.85
175.0
176.85
177.2
176.2
177.95
177.8
176.0
177.9
176.15
175.15
187.85
192.15
198.95
196.2
207.1
240.65
226.15
232.7
229.3
224.2
231.35
230.1
232.45
232.9
231.5
229.8
231.3
233.7
233.65
233.9
247.85
250.75
237.9
231.85
243.4
239.25
250.55
258.75
246.25
238.15
214.15
215.8
227.15
230.45
233.75
233.85
227.75
230.35
231.0
219.85
223.5
225.0
227.0
220.3
225.15
225.7
224.9
224.6
221.8
224.5
220.2
218.35
218.55
222.1
222.95
227.85
235.5
237.6
247.3
244.35
244.55
244.35
251.65
249.9
253.9
255.65
254.75
257.2
262.55
269.7
243.25
242.1
243.2
239.85
233.4
228.55
224.6
228.15
230.7
231.0
231.0
229.15
225.45
230.9
223.7
224.6
224.4
221.95
223.45
227.9
231.4
233.25
234.75
239.25
244.65
247.4
247.85
245.3
247.45
249.1
241.0
235.1
240.5
236.8
234.0
231.0
235.65
244.05
243.45
249.6
245.65
246.85
243.7
243.3
239.75
238.55
238.8
239.4
235.9
236.6
235.15
233.3
233.55
231.55
224.65
220.05
211.55
209.15
198.1
189.8
189.45
194.55
201.9
215.9
213.8
218.4
217.2
219.45
215.0
215.4
211.65
206.7
204.0
197.15
191.8
182.5
177.25
184.95
188.1
192.3
200.55
200.1
205.5
197.9
199.15
195.05
191.2
185.2
187.45
195.35
208.0
210.35
210.4
209.5
205.45
200.5
202.25
204.65
200.4
198.25
195.5
195.95
199.15
194.75
193.95
190.8
189.65
192.2
198.0
198.35
196.8
199.9
200.3
203.6
206.8
215.35
214.45
210.9
204.3
206.75
208.55
207.9
213.6
212.0
208.15
204.6
205.65
205.6
202.55
198.25
198.6
197.55
195.2
194.05
192.55
195.25
193.65
198.05
195.6
193.1
194.75
194.9
191.5
192.95
195.95
195.95
202.45
201.75
206.5
204.6
198.9
202.15
207.3
216.2
214.35
222.6
219.6
220.25
221.3
222.0
220.95
220.65
225.3
227.55
222.55
216.2
221.3
219.05
233.55
241.2
245.35
245.9
247.4
242.95
240.75
245.7
246.55
241.75
244.35
241.0
239.05
248.35
246.15
252.9
247.55
248.6
245.15
243.6
243.1
245.55
245.2
249.15
250.2
251.0
267.25
258.2
255.05
251.2
258.55
254.6
258.8
263.4
266.05
270.9
269.95
266.1
260.1
276.75
276.2
274.05
275.9
281.95
279.15
285.5
275.25
280.4
279.95
274.6
269.7
273.2
279.3
274.65
269.7
269.6
268.8
270.6
270.1
268.35
265.8
268.5
252.6
262.4
269.85
267.0
265.55
263.75
272.9
272.95
264.4
261.6
261.6
260.15
269.35
270.35
271.6
268.85
269.95
267.15
263.25
250.9
249.95
245.1
243.75
244.5
243.25
247.95
246.75
251.5
251.7
237.55
232.25
236.5
234.55
232.6
218.15
221.15
224.7
224.4
227.95
221.75
220.15
221.05
222.7
220.75
218.85
218.9
218.3
219.35
218.2
217.7
218.5
218.7
220.9
222.95
221.8
220.4
220.6
220.25
222.6
227.9
227.8
229.6
229.85
231.1
230.3
233.7
230.0
230.25
228.2
229.7
228.35
227.85
227.65
226.05
226.0
226.95
233.65
237.75
235.05
241.45
239.4
235.35
227.2
219.1
214.55
216.05
220.25
225.5
225.9
226.0
226.1
230.1
230.25
232.85
237.8
237.7
240.05
242.15
246.05
246.1
237.85
237.85
242.05
246.05
240.05
236.7
236.0
235.45
266.05
249.65
247.05
253.25
253.5
248.6
249.9
250.15
250.85
249.45
247.2
248.65
249.9
259.6
273.95
275.95
278.35
286.6
285.4
294.3
298.45
298.4
295.55
297.95
289.0
293.25
296.25
289.75
284.15
292.75
297.55
301.5
296.45
296.0
298.0
299.65
292.4
292.9
285.9
277.95
283.2
281.2
280.45
284.0
282.15
282.15
