275.3
275.75
273.95
265.3
252.35
248.8
260.4
256.8
254.1
264.25
265.4
273.9
289.35
287.8
285.7
285.35
283.9
278.95
278.15
272.35
275.0
288.35
274.25
266.05
269.6
268.55
271.25
268.45
269.35
272.55
269.1
270.4
271.1
273.75
271.4
264.5
266.6
265.5
265.55
260.85
261.9
253.9
256.4
262.55
284.1
284.8
283.05
278.9
275.3
271.55
270.35
270.55
270.55
270.95
271.7
271.5
270.55
270.2
270.95
272.9
275.05
270.15
271.05
270.0
271.3
275.7
275.1
275.65
281.85
284.95
296.4
287.5
277.75
267.65
262.5
264.8
269.25
272.25
273.9
274.0
271.95
258.35
257.15
254.5
254.8
256.45
257.0
257.55
258.4
262.0
260.25
257.5
254.65
254.35
254.1
258.65
261.15
260.45
259.25
254.1
265.75
260.8
258.6
258.2
257.8
259.95
260.1
261.7
263.0
264.05
265.5
265.0
265.1
263.5
275.7
292.35
291.1
283.0
288.95
304.5
300.75
295.35
301.45
320.6
319.5
317.7
313.35
326.85
331.85
322.8
314.85
292.45
309.55
304.4
310.6
301.85
304.65
303.3
294.9
294.4
296.45
294.1
299.95
302.1
299.3
303.8
299.0
296.95
295.65
293.85
290.45
290.55
286.4
286.3
286.35
294.9
294.65
294.4
292.75
292.0
291.05
291.0
292.35
298.4
298.35
301.5
304.65
300.65
299.4
301.65
303.35
302.5
299.1
301.35
299.95
305.6
296.05
289.75
287.0
276.05
273.1
264.75
274.95
282.8
305.55
307.0
306.6
317.9
319.65
311.1
301.1
303.8
306.15
308.95
310.95
309.2
295.2
284.3
304.65
298.7
295.85
301.7
303.55
306.75
305.05
305.2
305.95
306.7
307.1
315.35
334.75
339.3
339.7
359.05
360.35
360.15
374.65
370.2
369.45
356.7
365.05
380.7
374.85
366.0
353.95
354.85
369.4
367.25
364.15
367.0
368.7
359.85
364.55
366.2
359.35
355.6
362.25
368.8
379.5
374.6
365.8
365.6
360.9
362.1
361.25
357.3
361.8
359.25
360.2
363.35
362.65
367.0
366.45
371.95
376.7
379.95
390.0
398.5
396.05
396.2
395.0
395.0
400.05
392.05
385.15
387.35
385.15
399.3
387.95
391.6
387.75
397.8
395.4
412.9
413.45
409.8
416.0
410.45
410.85
407.7
410.3
425.3
417.05
413.4
417.3
413.3
411.0
410.05
416.2
425.35
427.4
432.85
444.95
444.95
436.55
440.15
450.95
454.9
454.6
455.5
457.3
448.65
450.1
454.25
451.85
453.0
457.1
456.7
475.9
469.95
471.35
470.3
461.3
455.4
457.5
456.95
456.75
455.1
455.3
455.2
455.05
455.15
459.4
458.15
458.9
459.85
460.1
482.3
473.9
460.5
473.4
477.9
485.9
482.0
465.45
471.5
470.95
472.1
470.55
468.8
469.5
480.25
476.75
470.75
472.5
476.25
467.4
465.8
460.0
461.0
455.95
455.05
451.05
454.95
457.15
459.45
457.95
468.55
460.35
464.75
459.2
456.9
460.8
455.25
455.1
456.3
460.4
456.0
453.35
453.95
450.4
463.15
457.3
450.95
452.0
443.9
445.85
444.25
446.15
453.35
433.65
415.3
413.3
399.9
408.3
388.05
416.85
405.45
405.6
422.05
422.8
426.4
441.6
437.45
428.5
420.1
417.8
414.35
422.05
418.25
421.8
424.85
426.9
430.9
431.55
433.2
430.35
430.85
429.8
436.2
430.85
432.45
431.05
449.9
435.0
438.75
445.0
440.3
441.1
446.75
442.2
445.15
445.8
443.65
444.4
449.75
449.8
450.0
454.8
452.15
452.55
454.95
455.1
463.1
485.6
495.15
492.15
489.45
491.45
502.3
493.95
487.6
501.8
502.95
501.9
500.15
501.95
507.95
515.3
516.85
521.45
531.2
528.3
535.65
537.7
540.95
544.75
553.85
543.45
535.45
530.15
537.9
532.8
545.55
541.15
548.45
544.95
544.4
544.25
533.05
535.15
545.25
545.3
550.05
550.3
569.3
578.95
590.2
590.1
576.05
570.05
571.7
568.1
561.75
559.8
558.45
560.6
561.85
558.55
559.2
561.8
579.2
576.25
573.7
578.05
565.35
557.1
552.05
576.7
565.05
590.4
592.9
596.8
589.25
603.3
