1475.85
1547.9
1485.05
1478.9
1468.3
1487.35
1490.15
1484.0
1465.2
1481.95
1494.0
1479.1
1469.9
1507.05
1515.5
1520.55
1520.1
1522.2
1529.3
1514.3
1531.25
1482.65
1430.85
1442.35
1471.85
1486.3
1440.5
1445.85
1461.25
1461.95
1469.8
1470.85
1484.85
1497.7
1580.7
1535.15
1596.45
1582.65
1598.7
1596.05
1579.1
1555.4
1579.4
1583.15
1590.7
1579.2
1560.8
1601.5
1567.55
1594.55
1593.9
1562.7
1575.85
1571.15
1577.15
1565.85
1544.95
1516.65
1522.8
1513.8
1541.7
1517.55
1569.25
1586.35
1584.75
1594.5
1530.6
1547.35
1530.05
1549.9
1561.2
1560.05
1562.5
1539.25
1516.25
1558.05
1607.25
1583.7
1600.35
1604.3
1563.9
1471.5
1485.75
1456.3
1468.15
1465.15
1451.8
1477.05
1465.1
1460.75
1459.85
1449.8
1458.65
1519.35
1482.55
1464.85
1473.65
1468.6
1428.05
1434.75
1434.4
1437.55
1434.7
1480.35
1502.55
1482.0
1535.6
1514.55
1498.9
1460.5
1530.6
1487.2
1484.65
1480.25
1483.55
1472.4
1494.85
1479.9
1484.85
1489.35
1476.65
1484.95
1486.3
1476.8
1485.2
1507.4
1487.75
1520.3
1571.45
1590.05
1573.35
1530.5
1506.95
1499.85
1521.2
1489.95
1484.1
1471.3
1490.05
1493.4
1499.9
1493.35
1495.45
1473.55
1488.65
1456.85
1450.65
1440.15
1417.5
1439.2
1422.9
1420.3
1381.6
1330.7
1338.05
1326.15
1333.8
1337.1
1395.2
1364.35
1340.95
1317.45
1350.7
1349.4
1374.65
1338.2
1330.55
1378.0
1373.0
1396.05
1380.85
1381.7
1391.05
1383.95
1389.35
1388.95
1382.05
1337.0
1325.0
1295.3
1339.55
1299.75
1295.9
1300.0
1355.1
1323.75
1329.45
1362.05
1354.45
1356.95
1313.95
1300.2
1315.1
1290.35
1309.85
1277.8
1238.1
1201.15
1181.35
1154.1
1149.85
1155.55
1148.05
1142.0
1187.15
1180.5
1190.3
1179.85
1215.7
1239.05
1215.75
1247.25
1240.95
1228.05
1200.4
1209.75
1212.2
1239.7
1227.15
1225.75
1292.55
1262.4
1270.1
1274.7
1285.2
1271.2
1269.95
1299.7
1300.6
1270.2
1283.3
1266.5
1282.05
1271.3
1252.45
1236.05
1234.5
1269.4
1276.7
1292.05
1300.55
1297.55
1299.9
1305.75
1283.85
1266.2
1279.15
1282.1
1304.0
1321.75
1305.2
1319.45
1347.15
1350.7
1374.85
1385.55
1375.6
1351.65
1339.35
1347.4
1342.6
1330.8
1314.85
1315.25
1340.65
1359.75
1397.7
1420.9
1389.4
1403.4
1462.05
1432.6
1469.7
1469.1
1440.65
1447.95
1450.9
1438.25
1481.4
1476.25
1469.85
1463.55
1459.05
1451.5
1455.45
1468.1
1466.35
1450.25
1465.2
1500.05
1523.9
1526.4
1493.85
1490.2
1494.9
1473.0
1496.4
1537.8
1540.6
1518.45
1508.75
1505.75
1484.1
1500.05
1508.15
1516.5
1524.4
1506.3
1534.75
1533.75
1491.8
1473.7
1461.1
1476.6
1482.5
1500.7
1497.5
1494.9
1471.85
1470.0
1450.65
1469.75
1468.45
1467.1
1450.2
1460.55
1443.75
1459.2
1439.9
1435.8
1428.65
1441.85
1454.75
1449.75
1443.15
1457.15
1434.85
1440.25
1430.05
1416.9
1417.35
1404.7
1404.8
1410.15
1401.65
1399.85
1378.6
1371.4
1349.3
1352.9
1354.05
1339.75
1329.6
1353.85
1350.7
1349.2
1357.8
1363.85
1364.85
1352.75
1360.2
1345.2
1356.5
1344.45
1338.95
1398.9
1420.1
1373.75
1386.1
1369.45
1371.3
1400.2
1397.1
1373.35
1364.35
1341.35
1326.3
1361.3
1339.8
1355.75
1311.95
1275.85
1258.25
1240.8
1234.8
1227.45
1212.5
1209.4
1208.05
1211.85
1199.2
1220.45
1277.6
1238.85
1218.5
1214.0
1205.55
1200.6
1217.7
1210.95
1221.8
1242.7
1212.8
1198.1
1174.6
1183.6
1176.55
1174.65
1150.2
1139.4
1115.55
1113.6
1130.7
1150.5
1150.3
1173.3
1167.4
1172.6
1187.9
1201.0
1233.6
1227.45
1219.65
1226.7
1212.35
1217.9
1229.45
1246.9
1266.8
1260.05
1257.4
1260.35
1288.5
1290.0
1341.0
1375.3
1370.1
1350.8
1364.1
1380.9
1398.9
1392.3
1368.95
1376.3
1355.25
1358.8
1369.5
1370.75
1377.25
1376.3
1379.2
1375.55
1410.75
1422.6
1439.95
1497.6
1468.75
1449.3
1436.2
1409.05
1420.05
1449.8
1516.4
1515.7
1589.75
1594.0
1594.35
1573.45
1580.8
1579.7
1561.2
1567.8
1558.75
1555.1
1571.55
1600.85
1614.75
1585.85
1604.4
1640.45
1632.2
1602.65
1687.45
1672.4
1638.9
1622.35
1619.65
1625.05
1620.25
1612.15
1598.35
1608.45
1607.2
1598.8
1600.7
1598.85
1599.05
1593.85
1566.65
1534.0
1518.15
1519.75
1519.5
1503.95
1513.6
