428.3
455.1
440.65
424.9
429.8
424.15
423.15
426.85
433.75
454.35
447.95
452.0
468.05
468.25
458.95
456.1
474.15
465.2
480.3
472.9
469.8
488.1
484.8
485.65
477.5
486.95
483.0
483.5
484.5
481.4
467.2
469.1
480.55
484.25
483.15
484.55
489.45
489.65
489.3
496.85
486.75
489.4
483.2
486.05
489.1
504.05
517.15
506.5
492.45
489.8
495.35
495.55
496.65
514.2
529.95
536.7
539.55
529.85
547.6
539.3
542.9
536.85
529.0
543.65
552.75
548.85
562.7
561.1
567.95
567.2
566.55
555.5
562.15
556.2
553.7
563.3
564.15
556.25
549.35
544.1
544.0
513.65
514.3
498.25
505.8
504.2
500.85
486.3
491.45
509.35
502.8
489.9
485.35
509.05
506.35
506.95
506.8
495.2
498.85
495.0
523.45
529.15
519.4
505.7
509.5
511.35
511.8
516.55
524.35
515.4
525.7
526.75
514.45
524.75
526.65
540.2
547.65
535.05
539.35
547.25
544.0
527.5
534.45
530.4
528.8
527.8
529.25
532.45
529.8
529.4
526.05
532.25
528.65
521.25
527.75
531.6
538.8
549.6
563.45
575.8
576.55
555.75
542.05
541.1
540.65
527.7
535.0
531.75
539.4
537.9
534.05
528.25
515.1
506.85
491.05
486.8
486.85
481.8
500.2
500.2
499.5
499.4
499.8
496.3
513.95
508.6
501.55
507.9
523.85
517.5
514.2
510.0
500.4
490.05
476.9
469.1
460.55
479.6
478.25
448.85
458.65
446.55
455.1
459.7
471.6
360.1
332.15
314.65
329.3
330.25
346.15
345.2
346.25
346.7
338.35
324.5
311.85
