246.9
241.7
248.75
240.35
240.65
240.6
241.65
236.95
235.75
234.1
236.55
239.75
235.15
235.2
237.25
237.05
236.05
235.55
235.3
233.1
233.25
234.3
231.05
227.5
227.05
232.75
226.75
222.45
224.9
220.0
218.6
218.75
226.05
233.5
252.45
244.1
240.45
246.35
244.15
249.2
256.7
263.45
261.9
261.0
265.6
261.35
258.0
259.45
251.75
253.75
253.65
249.3
246.4
243.4
241.2
240.0
239.75
234.8
236.25
233.75
244.3
240.0
238.0
240.1
245.15
244.1
246.65
242.8
246.3
255.3
264.25
255.25
253.55
249.0
247.6
249.25
255.05
253.7
250.8
245.6
241.65
226.1
247.4
239.2
243.9
247.75
240.85
232.5
244.4
250.5
246.75
236.75
238.25
239.8
240.15
237.15
239.65
239.0
237.45
257.2
263.75
254.8
253.5
261.8
260.5
267.3
266.15
260.65
265.1
270.7
263.75
262.45
267.2
263.85
265.8
262.8
266.75
270.35
263.0
254.0
254.25
257.6
257.7
256.65
256.05
254.25
255.15
260.55
257.9
257.75
253.8
251.45
249.7
247.85
249.1
245.5
243.3
242.35
240.85
261.7
254.55
250.65
250.45
249.6
254.0
255.55
260.75
262.55
264.7
263.45
259.95
259.05
257.4
258.55
255.85
260.35
258.3
258.35
261.05
260.95
258.2
264.2
270.6
274.55
274.65
276.7
277.65
273.65
270.85
265.1
270.05
268.5
262.0
263.05
258.7
240.45
246.6
250.8
242.05
234.4
233.1
236.95
233.9
241.85
259.7
259.75
257.4
261.95
253.35
252.7
249.25
247.45
250.25
253.5
251.35
248.8
236.9
250.8
246.35
240.15
239.5
241.7
245.2
242.4
243.1
237.25
232.6
233.05
228.0
234.8
234.05
234.3
236.85
237.35
234.4
232.2
233.65
239.05
233.95
236.25
236.65
234.5
239.4
240.3
240.5
237.3
238.5
242.0
239.25
246.65
248.35
249.75
250.35
250.7
258.25
257.1
257.1
258.35
255.75
260.15
254.55
252.15
247.3
266.0
259.95
259.8
257.3
253.85
253.25
255.0
251.75
247.2
250.6
252.25
252.05
253.15
259.15
259.2
257.05
262.75
261.5
259.85
270.0
271.9
268.8
270.5
272.0
281.55
282.05
280.8
276.65
280.25
285.05
284.9
285.45
285.1
279.55
278.55
276.15
274.85
272.8
272.45
277.85
277.3
270.8
274.45
270.95
269.05
282.15
287.45
286.4
282.7
291.5
285.35
287.0
290.3
295.1
289.65
289.35
295.0
298.9
301.25
296.95
295.75
291.45
292.8
291.2
288.7
293.9
295.45
293.75
285.45
290.2
293.6
297.0
298.55
301.9
304.5
307.4
306.55
310.1
310.8
308.0
307.9
307.95
310.85
318.35
316.55
316.15
346.05
334.05
336.0
330.4
336.3
332.0
337.75
334.15
326.55
317.15
312.8
313.4
315.45
325.4
321.95
318.0
318.0
319.7
321.0
333.7
330.3
331.25
324.35
327.65
333.95
341.3
349.1
353.4
358.75
355.4
356.45
352.25
341.3
346.9
339.1
337.95
339.8
339.45
332.6
328.45
340.25
333.5
335.75
329.35
327.4
322.6
318.0
322.4
326.1
312.0
317.4
300.1
282.15
293.95
292.6
295.6
287.2
293.1
302.75
299.8
305.45
314.15
312.0
313.15
307.75
298.4
306.3
306.35
310.7
316.8
313.0
314.7
315.6
323.4
317.65
323.25
320.8
315.75
313.6
307.1
311.15
300.6
308.4
318.6
322.5
323.45
329.35
326.8
328.75
325.75
327.3
324.85
333.25
334.8
339.0
330.55
330.25
340.35
338.85
341.1
335.1
333.5
336.2
332.75
337.8
337.1
335.55
353.9
348.5
354.45
357.65
359.45
360.05
360.9
367.25
368.65
364.75
384.1
383.8
377.55
369.25
369.75
368.35
373.0
369.55
373.4
373.5
375.2
374.9
368.25
364.55
365.35
373.15
375.6
374.1
368.3
366.45
372.45
378.8
378.8
373.7
371.1
375.2
371.35
370.35
402.2
403.6
395.9
399.3
394.15
389.15
379.95
385.1
383.4
377.55
376.35
369.65
392.4
389.5
387.3
391.5
386.6
393.3
389.15
399.45
397.95
391.7
402.65
416.35
421.0
414.45
413.15
421.1
423.0
418.45
417.35
