880.55
919.8
911.95
891.15
920.75
925.5
941.9
915.65
937.3
925.3
913.9
930.55
934.15
960.1
970.25
984.15
999.15
993.5
991.5
980.1
1010.75
973.3
952.7
952.3
940.65
929.0
918.95
911.4
942.55
914.8
896.35
908.05
906.3
906.3
913.75
918.2
931.55
927.45
938.1
926.1
957.25
928.4
919.75
944.05
954.5
964.9
969.95
936.3
933.0
917.45
925.65
960.85
954.95
948.15
956.55
955.4
946.65
974.8
983.05
970.05
952.65
937.1
923.35
951.35
957.9
998.25
938.85
932.9
937.4
946.0
939.35
936.45
940.4
970.8
965.55
973.7
968.45
969.6
988.15
961.25
964.9
927.9
914.05
902.45
913.1
952.2
971.05
947.6
948.9
961.0
940.3
920.85
936.35
943.2
915.9
920.2
928.55
928.8
938.9
950.55
944.0
943.2
927.1
954.95
950.5
953.7
982.15
857.05
859.9
853.6
817.2
828.2
849.2
855.1
829.9
833.55
835.0
841.15
857.75
864.3
863.05
852.95
863.55
867.65
877.55
875.9
871.7
876.3
876.1
881.6
877.5
885.45
882.5
851.3
852.35
843.4
838.6
856.75
845.65
873.95
866.55
863.75
866.2
862.9
872.55
870.95
877.7
859.65
851.15
836.0
842.3
858.05
844.25
845.7
840.6
840.85
845.2
847.05
860.45
846.15
855.45
849.25
863.8
860.3
867.7
854.5
840.5
855.1
845.85
845.95
842.8
841.4
825.05
828.35
814.55
810.05
826.4
828.85
838.05
842.35
838.25
841.9
835.25
839.25
838.7
836.0
844.5
865.75
880.3
872.65
852.1
867.35
869.65
849.75
810.45
827.4
808.0
798.25
827.1
824.3
824.8
843.95
851.55
845.95
828.95
811.05
808.75
824.65
813.25
832.15
854.85
859.3
835.4
815.25
815.65
817.85
823.05
827.9
811.85
814.9
815.3
824.15
822.55
828.45
817.7
810.65
806.8
820.6
814.1
820.4
839.85
843.25
838.75
828.45
833.1
839.3
839.65
837.55
853.3
841.2
846.25
845.15
845.1
849.8
837.55
799.9
750.3
742.2
728.4
737.1
732.9
722.6
721.4
718.8
708.75
714.7
723.15
718.95
732.3
742.25
730.1
736.65
733.55
739.25
749.35
740.9
757.6
747.55
739.8
734.55
721.35
721.9
724.6
726.7
743.5
753.05
751.05
753.65
752.4
755.2
751.7
753.65
770.65
770.1
770.45
769.8
741.85
735.05
713.2
728.45
730.45
731.7
748.35
738.4
717.1
721.85
716.8
721.35
720.0
728.25
717.5
722.5
730.15
730.0
723.55
729.2
740.4
745.25
753.5
750.8
752.95
780.45
800.75
826.15
823.85
821.75
819.1
816.85
818.15
824.55
814.2
792.35
784.55
785.8
781.85
772.25
791.0
790.35
798.05
778.75
755.1
773.9
778.55
783.8
784.55
785.6
787.1
773.95
780.55
782.7
776.35
779.0
786.35
789.05
792.05
792.6
788.85
797.25
788.95
795.85
796.3
791.05
799.9
808.6
818.15
816.0
801.55
806.55
813.0
803.3
812.7
808.4
834.8
830.55
815.55
831.75
810.65
804.55
790.85
774.3
763.15
767.75
772.9
764.3
763.1
794.75
817.2
809.0
784.85
789.65
764.1
770.75
773.85
760.15
763.85
758.35
762.1
763.45
767.8
801.95
806.05
805.3
803.8
803.1
793.6
793.4
780.9
785.35
794.85
803.3
799.8
800.95
820.8
832.15
820.6
824.7
830.15
820.8
817.1
793.75
790.4
804.85
807.05
819.35
827.95
828.5
835.15
856.95
844.65
814.4
838.3
837.85
833.25
847.7
850.25
830.55
837.75
844.05
844.15
838.75
857.3
848.8
841.25
844.2
840.25
811.15
813.95
827.15
830.75
824.1
815.7
808.5
819.7
828.4
827.3
832.0
830.3
845.0
839.25
844.0
851.3
834.2
842.85
839.95
840.1
849.1
843.75
852.9
855.55
857.35
847.7
844.35
846.35
853.6
842.9
855.4
865.75
864.35
859.3
872.75
876.65
873.05
852.15
859.9
877.6
875.85
874.75
866.25
850.5
853.5
849.3
833.05
833.8
831.65
809.1
810.8
808.05
808.6
814.9
812.75
819.55
819.95
800.25
809.7
814.1
822.05
835.1
818.0
829.6
840.2
849.75
843.6
838.7
847.65
848.55
