1557.05
1582.6
1540.85
1511.35
1512.6
1519.55
1550.2
1533.45
1523.05
1520.4
1504.6
1529.75
1506.2
1489.25
1455.15
1432.4
1450.2
1432.55
1440.6
1442.65
1538.85
1496.45
1519.85
1514.65
1518.95
1520.0
1486.75
1465.6
1462.25
1470.55
1474.4
1475.0
1465.9
1461.0
1448.5
1450.15
1433.05
1444.2
1443.2
1439.35
1434.85
1410.9
1408.8
1439.0
1436.4
1464.9
1447.6
1447.8
1421.4
1425.2
1425.35
1452.1
1457.3
1464.65
1464.1
1469.7
1448.25
1435.25
1466.8
1456.45
1445.7
1420.95
1410.05
1425.85
1436.35
1422.3
1424.15
1404.3
1408.3
1406.75
1427.15
1413.55
1402.5
1393.25
1338.65
1334.5
1324.5
1311.4
1253.75
1252.2
1237.95
1210.85
1198.95
1230.85
1253.75
1250.2
1224.65
1232.05
1213.15
1235.0
1209.1
1194.2
1170.95
1176.75
1158.35
1163.0
1154.75
1149.3
1138.15
1107.75
1118.55
1115.1
1109.5
1114.05
1119.4
1109.8
1119.8
1102.6
1163.35
1169.05
1176.0
1169.9
1212.35
1261.05
1302.0
1331.45
1318.8
1338.8
1345.15
1382.55
1377.7
1380.8
1398.9
1388.65
1375.45
1342.35
1299.7
1286.2
1310.45
1311.9
1293.25
1289.2
1289.8
1285.05
1301.5
1291.65
1304.9
1291.2
1280.7
1325.85
1318.2
1298.8
1323.7
1314.95
1327.8
1295.8
1292.75
1301.7
1299.6
1296.5
1294.05
1294.05
1268.45
1249.65
1249.3
1243.65
1247.55
1243.55
1303.7
1252.9
1272.75
1269.55
1269.5
1288.3
1288.0
1363.0
1350.9
1316.8
1345.1
1305.25
1278.7
1270.8
1239.8
1214.85
1190.85
1199.45
1169.4
1132.35
1112.3
1139.3
1134.35
1128.35
1132.6
1140.25
1163.1
1200.2
1231.2
1210.1
1177.7
1167.7
1128.25
1116.65
1090.05
1099.4
1080.9
1070.0
1041.1
995.15
1003.55
976.85
936.5
925.75
909.6
912.1
909.0
892.1
898.7
887.7
928.8
939.4
960.8
950.0
943.15
925.3
917.25
910.0
898.15
901.25
899.15
899.65
921.75
910.0
906.15
919.5
910.4
908.55
939.3
928.1
936.6
968.3
1015.7
1013.2
1005.9
991.65
1026.4
1007.05
1036.5
1063.7
1104.15
1126.6
1123.75
1107.9
1056.2
1059.25
1064.35
1033.55
1011.0
1034.25
1004.7
988.0
982.0
987.75
1009.55
991.8
995.65
1007.35
997.05
998.3
995.95
1006.05
995.95
995.05
989.75
988.9
992.75
994.9
995.05
996.3
994.45
990.4
986.0
985.35
982.3
991.2
993.55
993.75
999.0
1000.55
1004.05
1004.8
988.75
997.85
993.5
1004.1
995.55
988.5
961.45
981.45
987.15
989.05
994.3
987.95
989.9
981.3
977.15
975.1
978.3
975.4
973.6
974.35
977.45
973.15
976.7
979.9
979.05
975.75
969.9
968.05
967.8
997.85
1060.2
1100.8
1062.35
1059.6
1039.45
1054.8
1156.4
1143.85
1144.95
1128.6
1130.7
1170.35
1198.35
1205.05
1187.7
1192.25
1172.8
1199.75
1191.4
1254.55
1241.35
1223.25
1249.15
1240.25
1233.25
1237.0
1211.6
1209.4
1199.25
1197.1
1199.8
1178.0
1172.45
1152.45
1243.0
1259.35
1316.6
1311.8
1320.6
1326.7
1317.25
1300.7
1361.3
1454.25
1466.95
1462.8
1460.3
1483.95
1536.0
1507.75
1500.5
1481.1
1472.4
1472.35
1490.85
1511.7
1528.45
1519.8
1432.2
1450.95
1474.15
1497.25
1469.45
1437.3
1393.4
1360.85
1370.45
1394.55
1399.5
1420.15
1362.6
1320.35
1382.1
1361.5
1348.45
1307.45
1347.1
1374.35
1375.1
1360.35
1380.05
1400.35
1381.3
1391.3
1398.5
1404.4
1472.55
1425.2
1448.25
1447.8
1471.1
1473.15
1429.95
1404.05
1398.4
1393.7
1364.85
1366.7
1355.45
1340.6
1285.9
1296.1
1286.3
1310.25
1305.35
1321.4
1318.25
1314.25
1310.45
1305.85
1302.5
1357.8
1377.1
1377.0
1383.2
1403.8
1405.05
1413.6
1427.6
1388.15
1374.55
1429.05
1426.8
1424.0
1419.5
1390.75
1399.7
1382.9
1408.5
1382.75
1389.65
1380.7
1387.35
1386.65
1370.45
1372.6
1371.4
1369.75
1363.0
1395.1
1396.25
1370.95
1389.75
1373.1
1396.1
1402.35
1400.25
1405.9
1408.1
1418.4
1454.55
1459.05
1476.05
1487.5
1495.8
1484.0
1486.25
1475.2
1481.05
1478.8
1477.2
1490.75
1479.2
1500.65
1582.65
1619.95
1692.7
1598.05
1597.4
1620.85
1585.45
1558.1
1560.35
1576.05
1564.6
1539.15
1545.85
1565.85
1546.6
1567.45
1560.75
1571.6
1575.75
1560.65
1578.95
1590.95
1572.75
1549.95
1515.3
1532.75
1571.15
1565.05
1594.7
1603.65
1582.15
