648.75
629.2
629.35
619.1
609.65
623.7
634.8
637.8
641.3
636.15
635.0
640.6
653.5
668.65
674.95
665.0
667.9
646.85
652.45
642.7
636.55
656.15
636.55
610.05
618.25
637.65
656.8
657.55
664.95
651.45
649.3
636.6
651.3
652.1
666.9
671.55
711.05
719.55
690.3
667.85
679.05
663.8
677.05
675.75
684.0
692.8
699.3
702.9
702.35
695.6
712.35
726.85
711.45
696.35
700.85
715.6
718.7
714.95
725.45
728.85
748.9
751.25
758.35
762.85
810.85
798.95
828.1
827.2
827.45
844.25
942.15
932.8
924.5
873.9
894.2
917.55
907.85
949.45
951.1
944.2
959.9
908.4
904.15
876.65
871.15
891.9
909.85
877.4
877.65
908.15
886.55
876.75
869.95
913.45
907.2
921.95
937.1
916.65
885.55
940.5
943.2
918.05
937.6
942.5
948.1
924.8
934.9
925.45
916.45
897.85
861.35
841.0
807.4
779.2
815.9
820.15
798.9
782.4
787.95
751.0
741.5
755.25
743.9
762.0
744.8
749.5
725.65
747.4
722.15
713.95
731.7
727.75
738.25
723.3
735.9
736.45
735.0
730.6
731.25
759.2
791.25
800.3
790.75
784.2
784.55
772.85
777.6
774.25
785.7
783.4
769.9
764.0
750.2
754.9
751.05
748.85
766.85
798.6
817.85
821.65
819.75
806.55
811.3
809.7
826.5
828.6
826.3
829.65
826.0
810.8
799.25
820.2
821.8
805.85
790.3
791.15
782.75
774.95
754.7
707.65
721.25
706.4
708.45
709.0
715.75
722.45
758.8
787.35
794.3
789.9
776.6
789.65
817.7
804.95
805.1
803.85
753.55
751.65
775.0
750.7
761.7
759.0
757.8
757.8
751.5
733.6
747.9
750.25
746.05
764.45
764.05
763.95
767.8
768.7
769.75
775.8
767.9
764.35
767.4
767.15
760.15
762.35
767.25
753.1
750.4
774.45
770.3
784.35
773.5
783.85
793.6
782.45
786.25
787.55
831.45
845.35
860.05
868.7
868.2
883.85
870.55
855.8
866.95
875.05
869.65
885.95
876.5
883.7
898.6
898.5
924.1
925.45
1001.95
994.9
969.5
956.35
959.3
979.6
971.85
967.1
926.35
925.35
897.5
890.75
903.55
870.65
833.5
843.25
846.0
847.45
844.95
850.0
848.1
849.95
845.05
850.45
860.2
864.65
852.6
871.3
876.6
882.95
883.65
922.25
909.35
910.1
885.15
922.85
921.2
932.95
951.25
937.1
963.8
954.7
961.8
954.45
948.2
957.45
992.1
1029.5
1039.0
1033.9
1048.9
1063.4
1071.4
1075.55
1089.95
1080.35
1080.3
1087.6
1087.2
1074.95
1068.55
1046.05
1054.75
1068.95
1069.05
1042.3
1013.3
1018.15
1034.3
1008.25
1006.85
1003.3
992.15
990.2
979.85
1017.95
995.1
1001.15
1001.15
1000.3
1001.85
1000.75
1011.1
1010.5
1009.8
1015.5
999.75
975.6
975.75
986.2
971.3
964.6
960.85
1016.55
1012.7
1039.15
1072.5
1058.75
1084.6
1061.7
1065.35
1084.6
1070.65
1066.85
1068.55
1068.65
1067.2
1067.05
1063.0
1067.8
1090.15
1090.65
1091.35
1087.9
1093.7
1097.6
1103.45
1104.25
1144.05
1135.95
1135.25
1123.05
1103.65
1095.45
1091.75
1087.7
1077.7
1093.6
1072.05
1056.55
1061.0
1060.45
1068.3
1057.4
1059.95
1067.0
1069.65
1087.85
1094.85
1102.5
1103.45
1101.45
1103.85
1107.5
1109.4
1112.1
1074.45
1085.8
1081.8
1096.9
1098.4
1106.65
1119.35
1110.35
1099.15
1091.8
1092.25
1098.5
1075.2
1077.6
1106.5
1101.55
1111.9
1110.3
1121.3
1121.3
1109.35
1097.7
1100.7
1098.15
1104.3
1114.85
1109.25
1119.65
1128.0
1117.85
1126.1
1142.4
1193.15
1216.35
1224.85
1261.3
1265.75
1263.7
1284.6
1322.85
1330.05
1340.7
1306.45
1297.35
1295.25
1290.55
1299.85
1300.0
1296.15
1299.85
1300.55
1328.3
1375.9
1338.95
1313.55
1324.25
1329.1
1315.45
1320.45
1331.05
1368.8
1373.75
1368.1
1363.65
1365.85
1363.7
1354.45
1360.8
1349.9
1314.55
1329.55
1330.0
1334.8
1307.95
1306.25
1299.95
1293.15
1311.6
1312.65
1358.85
1354.75
1355.5
1334.35
1331.05
1302.8
1306.45
1313.35
1317.3
1299.75
1301.4
1306.35
1308.5
1310.75
1318.4
1313.9
1297.8
1298.45
1326.1
1329.6
1322.65
1321.55
1328.15
1323.15
1338.9
1329.9
1315.05
1330.3
