642.1
641.7
644.3
630.4
626.15
630.5
643.0
653.1
654.4
665.8
666.35
669.75
660.95
670.6
666.2
651.7
658.7
658.0
654.75
642.05
654.7
687.4
652.2
632.4
636.4
639.25
641.5
637.95
641.05
646.8
643.9
643.2
658.55
659.1
677.65
680.6
686.2
677.2
695.05
721.85
722.0
711.2
709.65
703.9
698.65
690.7
696.9
696.15
683.85
683.8
688.4
693.35
691.7
699.4
707.0
709.55
710.0
699.3
690.4
690.8
689.95
694.4
692.9
690.0
698.0
676.25
721.6
725.75
725.15
753.85
787.65
759.7
760.0
769.1
771.2
816.55
824.75
816.55
845.15
850.8
856.25
798.45
790.7
769.25
775.05
782.45
791.65
786.4
800.9
793.7
761.45
750.6
737.8
741.5
740.3
748.4
750.05
749.8
741.15
736.95
760.05
747.2
756.75
770.9
768.1
748.0
741.8
737.9
730.65
729.55
713.1
720.95
724.1
724.2
736.25
741.9
749.9
771.6
763.55
752.4
756.5
745.15
756.8
787.8
779.6
781.75
779.15
770.25
752.75
746.65
733.4
703.75
722.2
715.85
727.8
719.15
725.8
743.7
757.25
775.35
766.45
779.85
768.15
762.3
765.45
790.7
785.7
771.5
767.8
772.8
757.5
750.8
758.4
758.85
748.75
754.6
751.95
747.15
742.2
742.4
739.7
746.05
752.0
748.75
745.1
748.55
748.9
741.9
742.3
731.95
712.35
715.5
690.75
681.75
673.95
652.95
650.5
646.45
615.35
619.05
646.6
636.5
626.2
641.4
656.2
652.85
647.2
668.95
655.15
654.3
639.7
630.5
620.55
647.5
652.3
624.9
605.05
578.35
618.9
605.25
610.7
633.95
644.35
634.7
620.6
609.25
586.7
571.3
564.75
566.9
589.0
571.65
577.5
563.15
547.4
551.45
541.2
542.6
535.65
533.35
530.5
558.7
561.1
570.3
599.4
606.95
588.95
589.05
582.15
571.7
569.9
555.4
545.3
558.45
501.2
489.2
482.5
493.1
489.0
490.75
495.2
499.85
497.7
495.4
496.0
492.35
497.75
494.25
495.55
485.95
485.45
475.55
475.3
471.0
468.75
468.3
468.0
452.1
450.0
453.1
447.15
449.65
446.45
441.05
443.05
441.95
436.95
427.95
429.9
422.95
413.35
417.1
407.4
431.3
425.55
445.5
463.8
459.25
463.3
467.7
478.5
488.55
477.7
491.8
484.15
472.3
458.65
470.3
487.95
488.15
488.65
488.15
484.5
479.35
474.3
470.45
468.8
468.9
460.5
468.65
466.05
465.45
470.5
488.3
483.3
489.55
494.85
481.65
491.9
493.4
515.75
510.35
513.55
509.4
518.4
518.4
512.25
507.35
501.75
524.35
531.6
517.55
520.4
517.4
513.15
511.7
511.45
544.0
543.4
550.75
548.95
542.8
541.2
536.9
541.25
572.95
566.5
578.7
587.6
573.1
576.15
576.45
590.0
591.35
591.45
590.0
614.3
596.3
592.75
599.2
608.7
604.45
599.5
608.9
620.35
617.4
610.65
606.85
621.5
616.5
619.95
612.5
619.8
626.25
614.05
627.0
633.15
632.65
620.3
618.1
609.65
620.8
613.8
595.7
583.25
569.4
578.35
570.5
585.85
594.15
562.0
540.55
528.7
533.85
543.0
537.2
545.45
562.45
568.1
572.3
570.5
567.2
581.0
574.15
565.05
557.1
559.05
558.9
538.5
544.25
542.6
539.95
538.45
537.7
547.65
537.0
530.95
538.3
535.2
529.8
522.55
517.4
521.85
530.75
533.05
529.55
530.25
549.3
548.45
544.65
539.15
534.7
556.65
547.4
549.1
541.35
546.1
549.8
559.75
558.75
551.65
550.95
539.8
536.4
535.05
534.8
533.4
533.5
529.75
526.0
525.8
523.1
527.95
519.3
523.2
522.3
520.4
523.25
529.3
549.6
553.7
540.9
540.75
563.5
553.7
554.05
543.25
550.5
552.5
549.2
550.6
549.5
544.7
563.95
552.25
549.85
547.9
544.85
552.35
555.0
572.3
587.6
579.35
586.0
601.3
608.7
623.85
631.8
646.45
638.2
637.3
636.9
634.35
615.45
602.3
612.05
610.55
608.65
594.4
597.9
593.8
599.75
608.4
603.55
598.05
589.75
564.1
548.0
536.85
541.05
546.3
549.6
560.2
552.25
557.25
