581.0
615.05
620.15
591.05
580.9
589.4
598.6
584.5
599.45
611.35
615.8
627.1
620.6
616.1
609.95
609.05
604.45
608.25
606.2
599.85
616.0
628.25
611.75
596.1
613.7
621.75
614.55
602.9
596.4
587.3
583.0
588.3
592.1
614.3
619.2
618.8
626.1
630.35
630.7
625.15
628.25
649.3
644.05
641.15
648.4
639.5
643.0
660.7
652.15
663.15
683.55
685.45
688.0
667.3
669.75
677.1
675.2
677.1
689.5
700.5
690.6
677.6
678.15
685.5
682.3
689.95
686.85
689.3
739.05
738.6
745.5
754.85
746.05
724.75
695.75
734.4
760.75
757.9
773.2
759.7
757.15
697.75
680.5
687.1
707.65
701.5
725.9
699.1
701.5
726.95
705.95
689.3
665.2
663.7
649.85
663.8
661.85
659.05
634.2
659.1
676.95
677.25
701.0
697.1
699.05
712.15
735.95
728.25
732.45
732.0
738.5
729.7
722.95
705.05
702.1
704.45
704.3
698.65
692.85
692.95
690.5
687.05
696.4
698.85
703.3
700.35
709.85
704.55
705.2
699.55
691.4
693.65
686.7
665.55
677.9
649.05
647.7
650.05
641.45
684.55
687.3
682.9
679.05
686.7
706.55
725.9
709.7
690.9
687.3
671.4
647.6
648.45
640.2
638.35
618.15
616.65
634.95
635.25
647.9
634.8
647.3
650.4
651.3
651.45
662.15
676.1
669.75
689.6
700.55
680.4
661.65
661.2
657.4
649.35
640.2
627.25
620.0
613.1
606.25
578.9
579.4
597.8
620.65
620.25
626.55
638.5
639.5
643.1
641.5
633.25
624.35
619.3
629.2
641.15
612.7
608.85
583.7
566.4
595.45
580.3
592.75
595.05
582.4
595.95
580.3
580.9
574.05
592.45
568.1
599.0
596.1
598.9
589.6
584.6
590.9
589.95
589.55
583.65
575.4
583.05
577.05
583.0
590.0
589.5
588.15
582.7
572.9
569.4
579.15
580.9
611.75
624.45
632.45
625.85
626.75
634.7
640.1
655.7
667.1
664.7
655.1
662.95
654.6
665.05
651.5
636.15
638.95
620.75
623.5
612.9
621.3
610.55
631.35
630.0
635.0
648.4
662.45
671.1
674.3
683.5
668.85
664.85
670.65
675.7
667.2
680.5
679.2
675.65
673.15
675.4
671.25
674.0
710.7
733.7
774.05
753.9
739.5
744.25
726.5
734.25
737.3
735.05
739.65
760.15
756.85
769.25
777.8
778.8
768.35
760.05
773.9
770.45
778.2
765.9
765.7
760.75
769.35
751.55
756.0
760.75
773.8
762.3
795.7
807.3
832.15
853.2
828.6
830.2
828.45
830.25
845.55
852.05
860.7
840.0
819.35
828.2
819.45
828.9
823.7
827.25
825.3
824.1
827.2
826.8
833.35
828.45
823.05
819.8
813.25
816.15
830.65
826.3
855.25
860.25
854.0
863.65
874.55
867.35
847.85
812.45
829.9
834.3
874.6
867.75
839.2
832.3
863.35
837.55
821.65
817.2
818.55
816.0
817.4
829.65
848.95
834.3
823.9
819.75
782.45
752.2
747.4
742.55
778.5
780.5
781.55
790.25
781.85
772.45
766.05
759.55
754.75
757.3
768.8
752.65
731.45
719.05
711.8
721.35
665.5
642.05
594.25
532.45
555.85
563.05
552.0
572.95
569.15
583.05
570.15
571.05
583.2
600.05
600.15
588.3
589.7
573.2
561.45
560.9
561.6
561.1
539.65
538.45
537.15
534.95
525.95
521.05
512.3
529.15
521.9
522.8
511.95
516.9
530.4
552.75
559.25
564.9
567.3
576.95
595.0
602.25
600.0
607.5
640.15
641.0
648.1
660.55
663.3
636.45
637.75
632.1
635.0
634.5
645.45
661.1
662.55
660.35
672.1
734.05
765.55
760.45
744.2
744.6
729.05
725.7
732.4
670.35
641.55
633.35
660.75
674.9
670.0
680.1
664.95
661.6
658.5
653.8
650.75
644.05
645.15
634.75
621.3
625.8
619.2
633.9
686.95
698.95
707.95
674.75
674.2
659.3
680.6
678.85
665.0
669.3
671.1
693.7
701.7
721.75
719.75
715.45
694.25
688.25
698.45
737.85
750.55
744.7
754.65
776.6
758.4
770.45
763.95
769.9
769.0
751.85
768.65
771.25
756.8
747.55
741.95
748.95
747.65
758.95
754.5
752.6
754.3
