1381.7
1523.75
1468.4
1465.55
1458.25
1485.25
1503.1
1530.15
1567.7
1527.0
1467.35
1477.2
1475.7
1474.3
1415.75
1435.8
1431.65
1344.6
1330.4
1322.8
1368.6
1366.8
1356.85
1339.5
1350.1
1358.8
1373.45
1372.7
1373.3
1347.5
1338.05
1323.35
1338.4
1320.9
1275.8
1319.75
1314.95
1309.6
1317.9
1308.6
1310.35
1281.6
1310.0
1279.1
1272.15
1279.55
1264.65
1315.2
1301.1
1307.15
1311.3
1342.6
1345.75
1348.2
1367.2
1354.0
1356.2
1356.25
1350.85
1374.95
1350.3
1362.5
1355.8
1387.3
1410.35
1371.1
1356.45
1327.55
1355.15
1333.4
1313.4
1337.8
1340.9
1329.55
1333.9
1339.0
1276.8
1273.1
1242.05
1233.8
1226.7
1221.8
1211.45
1192.1
1190.95
1249.3
1228.5
1225.45
1242.55
1245.2
1247.75
1227.25
1204.5
1196.85
1186.45
1194.65
1192.75
1220.8
1227.05
1233.15
1252.7
1225.8
1234.7
1258.7
1248.9
1276.8
1263.4
1288.05
1305.95
1358.95
1365.1
1360.25
1402.45
1380.85
1389.9
1389.7
1367.7
1389.4
1380.95
1385.15
1385.05
1369.35
1383.65
1375.25
1384.25
1384.4
1384.3
1378.3
1384.4
1367.25
1357.1
1366.0
1349.2
1357.6
1389.4
1406.75
1418.9
1420.15
1415.4
1419.15
1467.25
1538.3
1553.0
1581.75
1519.0
1523.45
1510.3
1535.8
1566.7
1544.35
1559.7
1521.4
1493.35
1524.95
1579.5
1588.35
1554.75
1594.6
1557.95
1541.5
1534.0
1543.75
1538.25
1522.45
1504.25
1533.3
1540.25
1542.9
1541.8
1557.2
1547.75
1569.85
1636.5
1644.75
1616.9
1635.9
1602.85
1616.35
1624.3
1622.35
1682.1
1729.7
1697.7
1694.75
1739.55
1762.2
1829.0
1807.2
1844.85
1812.45
1661.25
1678.45
1671.2
1668.3
1663.85
1658.75
1695.6
1669.95
1696.65
1734.4
1747.5
1684.15
1654.1
1659.0
1675.1
1663.65
1662.45
1618.4
1631.9
1656.9
1662.9
1636.65
1618.45
1577.4
1565.05
1592.3
1654.75
1643.1
1643.55
1648.65
1649.5
1617.05
1641.2
1617.7
1677.7
1702.15
1722.1
1691.65
1692.15
1712.1
1699.85
1679.1
1679.7
1702.95
1690.8
1675.25
1680.45
1675.35
1623.95
1639.75
1609.35
1632.6
1601.95
1632.8
1632.0
1639.85
1607.6
1601.2
1546.1
1607.55
1612.7
1627.8
1628.65
1622.25
1655.15
1667.35
1661.95
1659.9
1681.2
1683.75
1692.7
1683.25
1686.85
1667.45
1666.05
1654.25
1654.5
1645.5
1643.05
1651.85
1646.6
1659.9
1656.6
1668.35
1694.75
1770.5
1811.75
1818.9
1816.0
1831.2
1812.2
1830.45
1847.35
1874.25
1977.0
2010.2
2001.5
2035.35
2000.05
2022.55
2076.85
2154.75
2141.55
2144.15
2142.1
2138.95
2110.2
2048.6
1974.75
1977.95
1977.75
1930.5
1927.5
1953.5
2021.8
2105.3
2134.15
2170.35
2185.0
2203.9
2211.3
2207.2
2150.8
2172.75
2204.9
2163.35
2207.95
2199.9
2202.0
2141.6
2127.1
2141.9
2110.65
2152.15
2086.95
2075.7
2138.4
2068.3
2021.7
1984.8
1957.15
1924.0
1971.4
1992.2
1990.55
1962.65
1931.8
1918.6
1907.6
1906.35
1923.8
1892.55
1916.1
