3084.55
3133.75
3272.5
3143.35
3005.05
3104.9
3129.1
3140.95
3168.35
3143.4
3157.45
3165.1
3185.65
3180.05
3219.75
3194.7
3212.7
3298.45
3312.1
3336.35
3579.3
3608.35
3472.9
3254.3
3309.7
3322.4
3290.7
3235.7
3271.15
3206.95
3249.25
3268.3
3260.3
3302.5
3368.4
3405.9
3404.7
3394.4
3362.15
3368.9
3443.55
3333.0
3366.3
3412.95
3416.45
3417.95
3383.7
3452.85
3409.1
3427.45
3439.25
3449.9
3490.25
3522.95
3658.3
3648.6
3653.15
3625.45
3662.25
3758.8
3671.35
3681.5
3751.6
3929.7
3926.95
3985.15
4124.15
4126.6
4043.85
3980.85
3965.15
3917.85
3809.8
3730.0
3758.05
3844.45
3791.55
3712.05
3644.95
3622.7
3581.3
3172.65
3334.4
3365.1
3420.05
3475.3
3369.05
3221.3
3274.95
3301.05
3228.05
3156.3
3270.6
3351.05
3401.95
3343.15
1094.6
1087.6
1076.6
1087.75
1102.05
1094.3
1142.55
1171.8
1183.15
1148.1
1135.45
1144.05
1183.8
1188.55
1203.65
1203.3
1207.55
1206.85
1188.05
1186.3
1183.05
1191.5
1188.6
1246.65
1230.2
1215.8
1201.05
1216.3
1212.0
1218.25
1243.8
1231.0
1257.95
1256.1
1240.3
1244.55
1290.5
1249.4
1272.7
1235.75
1248.4
1254.1
1230.55
1247.9
1252.85
1250.9
1255.1
1279.35
1274.9
1253.85
1237.95
1218.45
1223.4
1225.9
1223.8
1214.85
1197.35
1191.95
1171.1
1186.05
1177.35
1194.95
1204.65
1233.6
1257.85
1270.25
1272.2
1317.15
1306.95
1343.6
1352.45
1371.1
1375.75
1370.05
1366.15
1353.4
1293.8
1298.05
1330.6
1340.1
1339.75
1307.7
1259.55
1235.2
1258.1
1212.9
1172.05
1193.65
1209.4
1206.0
1227.8
1231.55
1233.45
1223.25
1216.0
1220.9
1235.9
1230.15
1209.05
1188.15
1124.05
1125.45
1161.3
1116.3
1120.1
1144.75
1129.75
1157.5
1116.95
1091.0
1066.9
1055.75
1029.95
1039.3
1050.75
1075.15
1100.55
1086.1
1095.0
1083.9
1086.8
1074.7
1063.45
1065.1
1083.9
1102.85
1177.05
1191.4
1201.7
1167.65
1180.1
1209.9
1224.3
1199.1
1205.9
1181.05
1171.6
1152.35
1167.65
1150.65
1183.6
1194.05
1206.15
1198.15
1169.3
1169.4
1172.0
1191.35
1212.6
1183.7
1181.85
1187.2
1175.9
1146.8
1146.5
1142.15
1152.5
1169.65
1157.45
1160.05
1148.9
1134.75
1132.55
1149.85
1117.8
1100.1
1098.65
1108.9
1109.15
1124.0
1183.05
1191.35
1178.25
1156.5
1164.45
1143.3
1186.35
1217.35
1289.2
1261.65
1265.7
1245.9
1243.3
1259.55
1269.3
1257.4
1284.75
1283.65
1264.65
1274.4
1248.2
1257.6
1248.9
1270.6
1267.1
1271.75
1274.5
1274.7
1269.9
1258.3
1258.05
1261.8
1246.3
1278.95
1252.65
1243.05
1241.55
1249.65
1237.55
1236.1
1243.75
1226.35
1219.15
1221.1
1235.9
1240.7
1239.55
1236.55
1230.95
1259.35
1242.35
1241.65
1231.9
1211.1
1228.75
1235.8
1240.45
1225.95
1229.6
1222.4
1220.6
1228.0
1205.8
1219.2
1214.9
1218.95
1220.45
1224.8
1219.0
1213.25
1209.95
1202.65
1211.2
1199.9
1192.25
1219.25
1211.9
1235.55
1237.95
1245.25
1256.35
1261.35
1265.15
1279.7
1280.95
1232.3
1244.75
1272.9
1269.8
1272.95
1272.15
1267.6
1254.0
1244.1
1269.5
1264.75
1281.75
1272.55
1275.9
1264.1
1268.55
1268.25
1259.45
1259.4
1301.2
1327.45
1330.2
1301.85
1305.35
1299.85
1302.0
1319.3
1303.65
1363.4
1302.1
1289.3
1306.35
1314.75
1307.9
1278.15
1300.2
1294.1
1298.5
1304.75
1385.1
1407.3
1439.05
1433.9
1419.05
1431.45
1456.8
1458.5
1480.25
1508.55
1505.75
1473.65
1424.85
1439.25
1444.95
1439.55
1412.05
1413.85
1394.25
1384.95
1356.2
1372.15
1359.0
1367.65
1375.05
1365.5
1423.15
1432.2
1431.75
1411.65
1454.2
1511.7
1527.65
1550.9
1528.65
1529.6
1514.7
1511.95
1490.0
1474.9
1514.3
1519.95
1514.45
1540.85
1584.9
1540.0
1568.4
1545.7
1544.35
1536.95
1565.05
1565.45
1564.35
1543.9
1526.6
1509.9
1524.55
1526.4
1527.7
1535.85
1560.1
1510.55
1505.45
1508.05
1515.6
1521.15
1503.4
1494.8
1530.1
1530.5
1521.35
1554.45
1567.65
1571.9
1569.65
165.15
161.6
162.5
159.5
153.8
157.2
155.55
158.8
158.4
155.65
153.45
156.75
159.9
161.35
165.5
167.65
171.9
176.6
174.65
169.95
171.1
171.9
178.7
178.1
180.5
181.75
180.25
179.8
179.55
182.95
183.1
178.85
181.75
179.5
180.85
181.25
183.95
181.75
179.4
179.95
