3768.25
3946.35
3958.2
3896.6
3668.3
3576.45
3612.5
3617.3
3621.9
3683.95
3686.15
3679.8
3645.6
3581.85
3542.0
3548.7
3682.4
3598.5
3633.15
3677.15
3608.0
3633.4
3655.35
3717.55
3800.75
3775.4
3771.2
3748.55
3760.4
3747.1
3747.1
3718.3
3724.7
3768.3
3783.8
3906.35
3999.75
3975.85
3947.05
3921.05
3971.1
3945.8
3962.8
4014.1
4019.65
3992.8
3976.75
3948.3
3929.45
3903.85
3932.25
3976.85
3961.9
3946.2
3949.45
3969.3
3968.0
3781.9
3773.2
3868.15
3902.6
3853.9
3881.8
3944.35
3957.35
4002.6
3920.85
3960.1
3964.25
3984.35
3942.5
3972.15
3947.35
3931.75
3939.4
3941.05
3921.15
3978.75
3996.55
3924.4
3987.0
3905.6
3887.55
3854.55
3930.5
3890.75
3855.75
3855.0
3877.7
3828.6
3820.0
3819.1
3722.15
3695.7
3749.85
3755.6
3740.6
3699.45
3726.35
3748.5
3776.8
3762.0
3709.8
3722.75
3764.5
3699.8
3650.85
3648.85
3667.3
3644.3
3670.75
3667.85
3770.8
3776.35
3799.35
3859.3
3824.7
3783.85
3768.2
3759.85
3676.55
3559.9
3499.8
3497.5
3499.3
3494.45
3492.25
3443.7
3461.75
3546.25
3455.9
3422.2
3407.05
3352.4
3361.4
3345.7
3343.15
3358.25
3350.85
3371.05
3369.5
3328.4
3344.05
3339.85
3409.1
3364.65
3414.55
3455.35
3413.2
3608.5
3560.3
3482.55
3410.95
3385.9
3379.3
3329.35
3325.55
3417.35
3470.7
3365.65
3373.95
3294.75
3338.0
3370.1
3335.75
3347.35
3484.1
3449.4
3463.85
3406.55
3363.9
3319.25
3298.1
3357.15
3380.6
3385.3
3428.45
3428.2
3421.4
3331.95
3396.6
3349.7
3393.85
3383.65
3386.05
3398.05
3325.7
3381.65
3390.6
3472.3
3355.85
3361.55
3438.25
3506.1
3400.4
3339.05
3271.9
3167.95
3305.4
3310.2
3308.4
3386.25
3399.25
3428.9
3389.55
3391.7
3355.95
3428.85
3368.85
3317.6
3333.55
3405.7
3504.85
3588.25
3563.35
3501.2
3542.7
3546.75
3603.7
3556.85
3556.55
3644.65
3725.8
3796.05
3835.9
3755.35
3814.5
3739.65
3793.55
3784.1
3677.95
3657.75
3739.3
3732.9
3717.05
3745.15
3761.85
3836.85
3741.0
3718.55
3734.1
3711.15
3673.8
3808.8
3894.55
3950.4
3996.3
3927.85
3883.35
3894.75
3917.7
3863.55
3891.65
3886.0
3958.85
4064.5
4080.4
3949.95
3950.2
3986.8
3989.15
3910.0
3911.15
3854.75
3858.4
3864.45
3905.15
3985.45
3958.2
3946.65
3943.9
3934.45
3937.15
3932.6
3931.05
3946.05
3962.9
3939.8
3899.25
4005.1
3970.95
3928.6
3910.05
3941.75
3935.25
3919.65
3946.05
3999.7
3956.35
3925.85
3899.65
3917.35
3935.45
3961.2
3940.35
4048.1
3992.25
3935.2
3902.85
3920.9
3866.75
3881.6
3874.75
3842.85
3778.0
3842.25
3946.95
3992.15
3994.1
3982.65
4005.8
4000.2
4010.1
4002.05
4044.5
4033.3
4003.65
4050.0
4108.25
4151.05
4104.6
4115.35
4103.45
4083.75
4032.8
4044.05
3994.5
4023.6
4068.15
4035.2
3968.0
4002.9
4024.6
3924.7
4101.5
4083.85
4050.65
4035.0
4065.05
4063.4
4114.9
4134.6
4082.75
4114.15
4105.35
4167.6
4215.1
4317.5
4311.85
4479.7
4478.5
4506.0
4471.85
4505.1
4512.45
4468.2
4456.6
4455.5
4389.25
4395.55
4460.65
4478.9
4457.95
4524.45
4365.3
4324.8
4324.65
4254.4
4229.0
4226.65
4264.2
4296.15
4167.8
4250.05
4120.75
4053.5
4003.45
4132.35
4184.25
4164.9
4093.65
4012.55
3987.5
3907.8
3916.3
3775.1
3954.2
3942.45
3932.65
3885.3
3922.4
3970.25
4089.75
4037.3
4075.0
4051.45
4063.35
4107.5
4156.7
4097.65
4253.7
4204.6
4177.0
4130.25
4158.0
4138.5
4127.65
4217.7
4118.85
4101.5
4008.25
4023.25
4120.45
4150.95
4234.65
4206.55
4257.05
4211.4
4231.7
4125.5
4075.2
4100.2
4111.35
4109.95
4083.95
4138.7
4080.5
4084.95
4103.3
4133.5
4060.25
4113.5
4089.6
4108.1
4103.05
4088.4
4059.8
4188.45
4258.65
4197.95
4200.3
4171.65
4177.95
4179.0
4120.6
4097.95
4030.6
4078.65
4015.8
4012.55
3969.75
3939.45
3877.6
3881.25
3861.65
3916.95
3919.4
3897.1
3852.7
3872.15
3841.65
3820.5
3771.6
3833.5
3844.75
3854.7
3846.95
3802.45
3825.0
3790.95
3812.55
3790.05
3772.0
3745.1
3807.15
3799.0
3796.2
3786.35
3801.2
3797.2
3782.3
3780.25
3804.2
3824.45
3825.0
3774.0
3754.75
3879.1
4101.05
4283.15
4322.3
4595.0
4645.5
4565.65
4543.25
4674.7
4594.6
4665.85
4609.55
4686.65
4682.45
4708.05
4653.6
4615.7
4693.45
