34.7
35.9
35.95
35.2
34.95
34.95
34.45
34.0
33.7
34.65
34.05
34.15
33.7
33.2
33.1
32.95
33.05
32.3
32.1
32.15
31.65
32.1
31.0
30.75
29.55
28.85
27.3
28.25
27.8
27.1
28.05
28.85
28.0
28.15
29.4
28.4
29.55
28.85
28.6
27.85
27.8
27.85
28.2
28.05
27.75
27.95
28.25
28.35
27.9
27.85
27.5
28.1
27.75
28.9
28.5
28.35
27.95
27.2
27.0
27.0
26.8
26.05
25.25
26.95
26.1
27.15
26.85
26.9
27.0
27.0
26.4
25.9
25.25
24.05
23.4
24.35
24.65
24.95
25.0
24.75
25.0
22.65
22.55
22.2
22.6
22.9
23.2
22.8
22.45
22.8
22.35
22.4
22.1
21.35
20.7
21.3
22.7
24.35
24.5
25.05
24.35
23.05
22.7
22.5
22.95
23.05
24.05
23.4
24.1
24.65
24.7
24.35
24.75
24.45
24.45
24.15
24.1
24.3
24.15
24.5
24.0
23.95
24.0
24.25
24.7
25.1
24.2
24.1
24.2
23.4
23.05
22.95
22.75
22.55
23.45
23.0
23.15
22.95
22.85
22.85
22.5
22.7
22.25
25.2
25.6
26.6
26.75
27.2
26.9
26.15
26.45
26.25
25.25
25.5
26.35
28.35
27.85
27.6
28.7
28.8
29.15
28.55
29.35
29.25
29.4
28.55
28.65
29.45
29.65
28.8
29.2
30.25
29.15
30.25
30.25
28.95
28.6
28.4
27.75
26.95
27.8
26.75
26.1
26.85
27.25
26.8
27.0
28.6
29.3
28.3
28.4
28.3
29.5
29.1
29.45
29.9
28.45
28.6
31.8
30.0
30.55
32.1
31.35
31.2
30.85
30.8
29.8
30.8
30.15
31.3
31.75
31.95
32.0
33.0
33.7
34.9
34.05
35.5
34.65
35.15
35.45
36.15
36.05
34.95
34.7
34.05
35.45
35.6
35.0
34.85
34.95
35.0
34.85
35.8
37.85
37.55
37.85
38.2
38.1
39.75
38.85
38.9
39.5
39.95
40.55
39.5
40.05
39.8
39.05
38.8
39.7
39.25
40.7
41.35
41.6
41.9
50.25
47.75
48.8
49.05
49.9
48.65
52.95
54.35
54.0
52.1
53.85
52.8
53.65
54.2
53.05
56.85
55.8
58.15
57.8
57.4
57.4
56.2
57.35
57.6
58.9
58.6
59.65
63.7
64.15
63.35
65.95
65.65
66.35
67.2
68.95
72.0
77.75
76.2
78.9
78.05
78.2
77.65
73.85
73.1
73.9
74.5
74.9
76.45
74.95
75.2
75.85
77.4
78.25
80.45
82.0
86.05
87.85
83.45
85.6
86.25
91.3
87.3
88.3
84.85
86.05
87.35
86.05
87.65
87.5
87.6
86.7
85.7
81.3
83.2
85.05
84.75
85.3
83.8
87.25
86.7
89.95
92.65
89.8
90.25
95.55
96.3
95.3
96.55
96.2
96.1
97.5
97.65
97.15
98.9
98.05
89.0
91.5
94.35
93.75
92.55
92.8
92.7
91.7
94.0
94.45
96.9
101.7
102.6
102.6
99.9
98.4
104.55
103.6
99.9
102.15
102.7
102.7
99.65
100.3
98.35
99.4
102.75
97.95
102.1
90.1
74.9
77.8
78.3
75.55
70.0
73.8
77.45
73.3
73.75
72.3
76.6
77.0
74.25
73.0
71.45
74.45
73.35
73.85
74.0
70.8
70.45
69.25
68.6
67.0
63.15
60.3
62.25
60.5
61.0
58.8
62.7
65.85
66.5
67.3
68.95
72.7
69.65
70.8
71.65
70.85
71.35
73.7
73.95
73.45
78.55
79.95
81.25
78.95
77.15
77.95
78.25
80.35
80.05
80.6
78.95
84.0
87.85
92.15
91.7
91.55
93.1
98.15
98.9
97.85
98.85
98.85
100.85
103.45
102.1
100.95
99.1
98.95
95.4
97.15
99.7
99.9
99.5
99.75
98.25
96.4
94.65
90.5
93.65
93.4
94.05
92.5
93.1
91.25
88.6
93.55
96.8
98.65
101.55
98.95
97.5
98.15
98.0
97.75
94.35
96.0
95.05
94.75
93.85
93.6
92.15
93.2
92.6
97.1
95.8
94.35
93.4
95.65
94.1
93.45
94.0
93.3
92.8
90.8
90.0
95.35
96.95
95.7
93.9
96.1
