381.1
392.9
387.05
390.2
393.65
397.95
396.2
391.55
382.55
386.0
392.0
397.45
398.0
400.55
396.45
394.9
399.9
400.55
408.75
403.0
425.6
416.6
418.1
420.7
416.4
415.6
410.55
407.95
415.05
410.55
414.8
413.65
414.3
422.3
426.45
434.0
424.5
430.3
424.95
426.7
417.95
413.9
420.05
424.45
433.15
435.1
433.1
431.85
430.3
433.9
419.3
423.7
422.3
422.95
424.65
425.85
429.45
445.25
439.4
432.9
433.9
417.95
410.0
417.65
416.95
418.8
418.9
413.25
417.55
415.0
411.6
410.2
404.85
398.7
384.8
395.1
390.2
385.55
382.55
380.0
369.55
348.3
348.35
339.2
347.3
362.5
354.3
345.4
343.25
346.75
350.0
347.1
347.75
354.5
350.45
348.7
354.15
351.0
359.5
356.9
352.3
343.8
337.9
332.95
327.6
322.65
337.85
339.45
346.25
348.85
342.65
341.55
347.6
349.5
345.45
346.3
351.25
349.65
363.7
361.85
371.5
359.1
352.2
352.65
358.3
355.4
349.05
350.15
347.65
346.4
336.55
339.2
335.25
331.65
331.9
333.9
335.75
334.5
333.95
339.55
341.35
339.0
341.55
342.15
342.2
334.35
322.75
322.9
319.55
321.3
320.1
317.85
310.85
312.65
309.55
306.15
309.2
320.35
322.4
319.05
320.9
323.2
332.35
338.45
331.75
335.25
333.1
340.4
340.5
326.8
323.45
322.2
322.35
323.85
321.15
315.4
308.6
308.75
306.1
300.25
310.3
309.6
309.3
298.7
297.5
297.8
291.4
289.9
296.6
302.2
299.8
304.25
307.2
311.0
312.25
311.3
308.7
324.55
318.9
315.3
319.55
321.2
326.05
329.1
321.3
323.95
322.55
317.95
315.5
320.7
326.35
333.4
329.25
331.5
334.6
336.3
337.25
340.75
342.9
338.5
340.75
344.3
353.65
350.9
358.2
349.8
354.5
353.8
350.8
335.45
348.5
330.5
334.5
331.25
334.6
348.25
350.1
351.25
359.4
356.65
357.25
353.1
358.95
360.4
373.05
372.7
363.6
357.8
368.35
361.45
354.4
359.1
366.8
368.85
358.9
362.1
354.9
353.45
351.2
351.25
344.8
341.95
345.85
345.15
351.65
352.85
351.25
355.9
351.4
363.25
366.2
358.15
348.75
349.15
352.65
351.25
351.1
342.4
342.65
351.9
346.5
357.0
364.5
362.2
363.05
364.8
355.85
351.15
357.1
356.2
366.8
368.35
373.35
365.9
363.35
355.05
359.85
363.3
363.7
366.95
378.9
362.65
364.3
363.4
367.85
367.35
371.95
369.85
372.55
371.9
362.05
364.0
357.8
358.85
366.25
364.0
351.55
349.45
346.45
346.35
347.8
342.45
345.65
353.15
351.4
350.2
353.75
352.6
346.0
343.95
342.6
331.85
331.65
310.85
318.9
321.5
320.15
324.4
322.1
318.05
319.85
322.7
323.6
324.15
319.2
321.85
327.0
326.95
320.35
314.8
321.75
315.7
314.0
318.7
324.0
321.7
322.3
319.45
315.9
306.75
305.4
301.3
306.65
306.95
309.1
309.75
306.65
311.8
317.7
323.1
318.85
318.7
317.45
309.6
308.95
306.7
305.6
304.9
301.0
308.65
301.4
302.65
309.65
297.15
303.75
299.5
303.95
300.55
302.4
301.0
318.8
324.85
324.6
318.2
318.6
326.75
328.85
328.15
332.45
332.0
329.15
330.0
322.6
318.45
310.25
305.5
302.55
301.7
292.25
295.55
296.1
299.6
299.5
303.0
305.65
311.0
304.45
313.9
321.1
319.75
317.95
320.1
322.75
321.8
320.2
318.6
318.5
313.9
317.1
320.55
319.65
316.5
311.35
323.75
345.65
348.2
345.1
353.3
353.8
355.25
353.15
352.2
355.25
357.55
358.05
368.95
365.3
365.7
369.5
375.35
362.85
361.0
366.25
355.7
365.15
362.75
356.85
356.15
361.5
361.1
360.7
360.2
364.9
361.1
363.2
360.65
346.85
349.4
349.9
338.2
338.5
340.5
338.7
340.75
344.85
351.2
350.05
341.8
344.5
341.8
344.7
345.7
350.2
350.8
340.25
341.3
338.8
339.95
342.75
342.8
344.65
353.95
357.55
357.9
355.5
347.6
346.35
346.0
344.75
351.3
345.25
372.75
366.0
365.1
364.15
