248.5
249.2
248.7
242.2
242.15
244.15
243.15
238.85
237.5
238.4
243.0
239.2
249.95
251.9
253.3
253.9
263.15
261.1
262.45
267.05
271.35
272.5
262.7
250.4
271.8
273.25
269.45
272.45
285.0
283.2
296.5
290.5
296.15
295.2
302.05
297.0
300.45
301.85
298.7
291.75
296.45
295.05
292.05
292.65
291.75
292.45
304.15
301.5
300.5
302.55
301.0
305.4
303.85
304.7
305.8
306.45
310.65
310.2
312.85
326.05
313.85
307.05
315.3
310.1
293.7
303.85
299.95
295.55
302.15
301.35
309.2
311.8
335.8
319.6
327.1
327.0
319.8
321.4
321.25
318.5
316.65
275.9
298.25
296.85
308.8
318.3
315.4
317.6
308.6
307.65
319.9
300.8
303.75
309.75
311.1
307.3
311.95
310.4
310.35
312.95
310.9
313.8
309.1
308.9
306.6
307.55
317.95
315.75
314.4
319.05
318.7
314.3
319.45
320.0
315.2
314.05
312.15
311.8
312.6
313.05
311.2
308.25
311.9
312.35
314.35
311.25
307.55
305.55
303.55
304.15
304.05
303.25
304.35
297.7
302.55
300.95
298.55
300.1
300.4
299.5
300.3
302.85
300.15
298.8
308.75
312.6
314.9
315.4
314.2
314.15
308.7
305.05
302.45
301.55
301.1
303.55
304.25
297.65
301.65
303.35
302.95
299.1
295.1
298.75
300.3
297.8
302.85
313.85
318.85
307.4
306.2
308.1
307.5
305.95
305.05
303.2
300.15
294.05
294.45
278.25
277.2
273.1
266.75
272.45
285.1
288.9
282.75
286.85
283.25
281.0
281.35
286.4
286.65
282.75
283.7
278.8
268.25
264.75
272.4
272.3
271.0
274.0
273.35
269.5
269.95
264.15
258.4
261.45
254.9
263.95
280.1
279.25
275.85
275.4
281.15
287.25
286.3
291.1
284.25
286.85
283.75
282.25
286.9
289.15
284.9
280.4
280.9
282.3
291.4
297.55
302.1
296.55
295.05
298.95
299.05
301.75
304.55
305.95
307.1
307.95
304.75
303.6
301.5
303.15
302.15
302.85
304.4
302.8
300.4
294.25
303.55
299.5
306.15
310.85
318.95
320.1
320.7
326.7
319.25
319.35
310.35
307.6
298.35
291.25
289.95
290.05
289.9
284.55
282.1
279.9
283.5
292.55
286.3
289.75
287.45
288.2
285.15
283.95
292.3
294.55
293.7
297.6
298.5
296.75
297.4
297.45
296.15
294.9
296.45
301.75
302.7
300.0
307.0
303.7
300.4
296.15
296.15
295.9
293.05
297.4
292.0
289.15
289.3
289.9
289.55
288.5
289.8
288.0
288.35
289.0
288.0
286.45
284.8
287.85
284.9
289.4
288.05
284.95
287.05
284.9
284.8
283.2
284.2
284.35
283.75
285.15
290.55
295.0
297.45
296.9
306.3
310.6
308.55
313.4
319.0
318.75
320.05
324.05
325.15
321.65
324.8
321.85
337.3
335.0
349.05
348.4
349.45
342.7
344.25
341.6
345.25
336.3
344.7
359.7
360.45
363.2
368.8
369.15
358.25
357.65
356.55
358.7
359.45
356.1
352.9
355.8
360.05
356.9
354.5
359.05
358.5
359.4
359.5
354.2
354.8
349.1
359.8
359.85
359.35
368.3
357.25
321.3
347.7
347.3
349.4
335.85
336.35
340.1
340.1
345.3
339.6
344.0
350.15
355.1
363.6
369.8
369.65
369.4
371.9
370.15
368.3
370.15
362.7
360.4
362.45
358.35
345.4
344.85
335.95
329.05
328.2
327.8
340.35
328.75
338.75
339.05
336.15
335.0
334.35
332.9
330.15
330.05
332.4
335.6
339.2
341.85
346.6
349.3
348.65
345.15
350.55
352.3
354.35
356.75
355.4
348.65
353.3
348.25
349.1
346.7
348.5
351.5
356.2
357.15
351.1
350.5
356.25
362.7
359.05
358.05
356.25
353.25
375.3
374.0
374.65
373.05
366.25
364.0
369.55
367.65
370.0
374.3
373.75
371.3
371.25
369.05
362.3
349.5
356.5
356.1
354.25
353.9
348.95
349.45
346.75
348.95
352.65
343.7
342.1
349.85
340.15
342.7
362.0
357.6
370.15
399.05
391.4
388.15
394.35
395.45
391.9
398.65
411.8
412.6
400.0
392.2
376.15
380.2
377.0
370.7
371.25
378.15
377.7
366.85
384.9
