183.55
184.0
184.1
182.55
181.35
187.65
190.2
188.0
189.2
189.9
192.25
196.9
199.2
196.45
197.55
201.35
198.95
197.25
197.0
199.9
210.65
210.45
205.15
197.1
199.8
194.95
193.55
195.1
198.05
200.35
199.0
204.8
207.55
211.0
223.0
222.35
222.3
226.25
220.05
229.45
230.75
227.15
227.4
236.9
237.55
241.35
243.4
235.1
228.45
227.15
227.25
233.35
236.05
234.45
235.95
235.25
236.2
228.35
231.85
229.3
230.05
224.75
229.9
226.8
232.5
241.7
242.4
240.65
236.65
241.4
241.6
234.95
219.35
208.25
212.05
213.9
213.8
210.45
210.7
206.1
201.8
174.3
172.0
173.7
185.0
186.35
187.4
183.15
179.65
186.65
175.6
176.05
184.15
187.05
185.9
185.45
191.35
189.3
187.95
184.7
189.4
186.65
186.6
187.9
187.5
187.25
191.15
192.2
195.75
199.1
199.9
196.65
196.65
196.3
203.0
209.1
213.05
209.1
210.65
210.2
207.2
202.85
201.8
201.55
201.1
200.15
196.4
195.1
193.2
196.2
189.15
184.9
189.85
188.15
190.55
191.45
190.4
195.2
191.55
212.15
214.3
213.05
210.65
218.4
221.35
218.3
227.1
231.3
227.25
222.75
224.95
217.3
210.9
212.35
207.1
215.25
221.0
218.15
222.35
223.8
222.1
218.05
219.15
227.65
227.3
234.5
235.25
241.35
248.9
241.75
240.35
238.0
224.6
233.35
231.5
226.95
225.15
220.6
210.05
195.7
210.8
205.3
207.95
212.7
209.85
205.85
193.65
192.65
190.95
188.95
183.35
177.65
179.85
180.55
176.4
167.05
150.05
154.25
157.45
147.75
147.35
152.85
152.3
149.95
148.65
151.1
149.25
147.9
150.2
161.25
159.1
158.15
165.65
163.45
163.25
165.95
162.5
161.95
160.15
160.8
160.6
161.9
166.0
168.15
167.2
163.95
162.05
166.75
170.1
170.55
171.9
167.95
166.25
163.95
162.35
163.75
169.65
173.85
173.3
172.8
176.6
181.7
180.65
182.85
184.7
180.75
179.3
179.4
180.6
172.0
173.4
173.65
174.05
181.55
184.25
185.95
178.65
176.85
182.7
182.05
180.75
177.6
176.25
176.7
178.5
182.1
180.45
181.7
179.35
183.2
195.25
192.2
189.65
193.25
194.0
193.0
192.65
191.4
194.15
196.85
200.7
200.9
201.3
200.95
199.5
197.95
197.1
198.05
203.2
203.95
203.7
209.45
210.9
210.9
209.3
206.4
207.75
213.8
209.55
210.8
207.45
204.9
205.55
207.45
222.45
225.85
229.5
223.9
228.35
225.3
227.15
223.85
223.85
216.25
217.5
220.2
229.45
226.2
221.05
218.4
217.4
222.8
228.1
228.4
235.8
232.55
231.85
251.2
260.25
264.0
264.7
264.65
261.6
269.6
269.65
269.25
267.7
270.6
265.15
252.7
259.5
257.45
256.05
265.25
261.75
257.55
261.65
256.3
255.3
252.4
256.65
240.9
248.45
254.3
253.55
254.45
257.8
267.2
266.2
253.95
253.95
255.9
263.0
259.55
266.05
267.4
276.65
272.95
270.25
268.0
269.35
271.25
271.65
262.35
251.15
245.65
251.1
262.1
266.2
268.05
268.0
257.05
259.85
266.3
283.6
270.4
274.85
276.45
277.35
279.65
292.5
293.3
292.8
299.4
289.95
299.4
293.9
298.05
306.1
306.3
311.85
312.9
305.7
304.7
306.1
316.0
312.85
317.95
316.4
323.5
301.95
318.85
331.85
336.35
151.0
153.45
154.7
153.75
154.95
152.95
152.55
157.0
156.15
154.8
154.4
154.55
153.3
152.15
150.1
146.2
148.25
150.65
152.0
155.15
151.2
147.9
152.6
150.05
150.15
152.0
150.15
158.45
158.95
156.6
151.75
150.6
145.75
148.35
152.6
152.15
153.2
150.9
147.55
147.4
150.55
149.6
147.55
148.2
147.5
145.2
143.65
145.35
144.75
148.65
150.3
155.1
154.75
154.9
151.2
148.8
146.8
147.6
146.75
146.75
146.2
143.75
143.95
144.35
150.6
150.8
150.1
150.2
154.4
154.85
157.85
161.05
160.5
162.0
168.95
168.2
172.75
170.55
167.95
167.05
166.4
170.5
169.95
169.85
165.9
167.8
167.55
168.15
165.8
165.95
168.7
