269.05
272.55
270.2
265.3
261.2
260.65
259.45
242.2
247.95
245.35
251.25
248.05
247.2
246.95
253.5
250.35
252.05
250.5
251.1
251.2
248.1
250.25
241.2
235.9
237.35
236.8
238.6
237.4
233.0
226.6
223.45
226.35
229.75
236.6
230.95
230.75
232.75
237.8
239.25
242.7
246.85
246.3
249.55
253.2
257.95
259.8
260.4
261.0
256.4
255.05
253.1
261.25
259.3
258.95
257.1
261.2
264.85
259.05
260.25
265.75
265.15
252.7
250.45
251.8
253.55
255.6
251.6
252.5
254.55
255.15
260.7
264.55
266.55
258.65
250.8
252.9
250.55
247.5
252.7
253.05
248.45
234.8
228.75
239.2
244.1
242.5
238.7
234.05
239.4
236.6
233.8
231.55
234.8
244.2
239.15
236.15
237.1
234.2
231.8
233.5
231.9
231.5
231.65
231.7
232.2
231.0
233.4
235.5
236.4
232.45
235.65
234.3
236.45
232.95
249.45
256.0
255.65
251.6
250.8
248.9
247.6
245.5
246.25
241.6
243.65
249.1
250.75
248.9
249.3
245.1
241.75
238.9
240.35
240.25
242.7
253.6
258.5
263.2
257.2
259.1
265.3
266.65
261.85
261.3
255.4
255.1
250.75
246.75
251.4
245.25
244.1
245.2
245.8
248.1
248.15
252.55
253.75
260.65
260.75
255.6
255.0
250.1
250.8
250.5
252.8
250.95
249.6
252.95
254.75
250.7
249.55
257.0
253.1
259.0
251.55
248.35
243.3
241.0
233.15
221.7
219.05
209.85
219.25
223.7
230.95
233.35
224.8
232.1
227.9
232.25
227.85
229.5
226.1
227.1
225.25
223.25
220.5
220.8
229.35
227.65
227.65
236.8
237.35
236.55
237.05
237.15
237.9
240.2
238.0
237.3
236.2
238.6
234.45
229.15
231.7
231.8
230.6
233.3
239.55
243.85
242.75
241.9
257.1
264.9
258.85
257.2
265.6
287.4
281.2
287.35
288.6
285.2
283.85
280.8
282.0
281.3
281.45
282.65
281.85
289.75
285.3
282.0
280.95
279.95
280.25
287.45
286.55
283.0
282.2
279.1
274.55
275.55
280.75
288.65
287.0
292.0
286.05
281.8
287.7
285.05
284.5
283.7
288.2
291.9
291.45
305.8
337.0
341.95
352.5
348.05
349.15
347.85
342.55
356.35
364.5
358.65
358.15
347.45
346.45
351.4
361.55
370.0
359.8
350.45
350.55
350.0
345.95
352.6
347.65
353.05
363.85
360.0
369.1
372.7
373.0
376.05
369.65
374.7
378.35
380.2
376.9
378.7
371.45
372.8
384.05
391.25
393.65
394.9
391.25
388.2
393.55
401.6
393.25
383.15
390.85
392.1
396.0
390.75
405.2
404.7
414.3
417.4
427.4
429.2
436.7
435.2
429.05
431.3
427.1
429.2
430.45
437.3
444.15
435.6
425.7
424.85
427.6
433.85
420.45
431.1
428.35
429.1
443.3
432.7
439.15
434.65
436.95
442.25
431.9
437.1
436.85
445.3
442.0
440.05
447.5
449.65
444.75
438.95
439.25
439.1
438.4
438.55
434.15
432.15
429.95
427.35
439.45
437.1
438.4
438.7
440.55
449.25
446.05
438.9
438.05
434.5
430.95
430.85
420.4
422.6
425.2
376.8
399.45
391.2
389.4
375.9
387.2
390.05
385.8
402.25
405.05
407.45
415.05
413.4
415.6
410.5
410.4
397.6
427.45
421.65
428.55
420.0
427.25
426.7
411.15
407.55
412.4
408.8
406.4
404.15
420.4
420.15
417.1
412.5
413.65
404.4
411.7
412.95
416.4
421.8
416.8
415.4
417.65
415.15
412.5
412.2
411.65
415.25
413.15
410.45
412.0
423.35
430.45
438.75
437.5
440.2
445.4
444.6
448.45
463.9
451.8
457.65
462.45
461.35
468.45
449.6
438.55
437.45
443.25
442.2
440.75
441.05
443.75
438.05
445.5
441.1
442.1
439.1
443.55
440.5
441.95
444.65
449.15
461.1
462.2
460.2
460.45
461.2
467.0
466.4
464.05
465.3
491.6
511.75
507.55
514.85
516.55
531.45
549.15
530.75
515.3
529.55
553.4
551.7
546.9
543.0
541.6
538.25
536.05
537.95
530.3
538.05
532.75
525.55
526.1
527.35
528.15
527.45
524.2
525.8
526.95
535.65
533.55
539.25
537.95
