298.05
304.2
285.2
291.85
276.7
282.5
290.8
292.6
294.75
293.75
299.4
299.85
290.15
291.65
285.95
283.45
281.4
287.2
287.5
287.0
287.7
286.05
287.7
288.95
288.4
298.35
298.4
292.95
294.1
295.2
283.0
279.35
279.3
284.15
279.5
274.1
287.35
297.2
296.75
297.15
292.95
291.75
290.55
299.5
296.85
291.25
297.15
298.45
293.0
299.8
294.55
299.25
303.4
315.4
319.55
315.9
314.65
302.6
310.45
311.8
305.15
298.25
309.9
319.75
318.5
319.55
319.0
319.9
324.45
326.9
334.7
347.3
336.6
324.5
314.1
325.4
321.05
331.45
328.3
327.65
333.1
309.5
307.75
296.2
300.4
311.1
304.35
293.65
289.9
291.05
285.0
283.95
283.65
285.1
282.2
292.0
288.4
287.8
286.65
283.85
273.65
279.5
288.85
287.05
287.0
285.25
296.45
299.4
298.9
302.9
299.75
298.9
296.4
301.15
306.2
310.4
317.5
310.15
310.55
310.15
316.9
303.85
314.7
316.6
320.55
321.3
319.1
316.1
322.2
319.8
311.4
309.9
310.2
300.05
306.3
308.95
305.4
323.6
319.15
316.6
315.7
314.8
320.2
319.5
344.95
349.5
355.45
352.15
351.7
352.6
340.0
325.55
316.45
320.6
343.5
347.45
332.8
323.75
317.85
323.7
340.2
337.8
342.65
343.1
343.05
345.3
342.3
341.9
344.9
338.9
330.55
333.95
322.45
315.2
313.9
307.75
311.9
298.15
294.35
280.6
293.4
293.9
295.6
303.05
307.95
305.6
299.55
309.0
309.15
303.6
297.3
303.2
314.05
299.95
298.5
283.7
263.05
242.75
243.65
227.25
243.25
237.4
231.45
230.3
229.0
217.1
205.15
207.6
208.15
243.85
246.6
247.1
251.2
246.8
242.0
243.9
246.35
251.75
262.25
262.65
260.95
259.05
269.25
268.55
273.7
278.7
285.8
291.0
298.0
294.45
296.5
279.6
275.05
269.1
271.6
270.85
278.05
281.3
281.5
286.15
286.35
287.7
285.6
285.35
271.2
262.65
264.0
260.2
259.0
253.9
252.1
254.0
261.85
270.6
275.65
281.45
275.55
270.3
270.9
264.15
256.8
260.85
274.65
272.5
274.1
272.3
276.4
278.3
275.5
278.0
279.5
280.4
281.55
283.0
289.9
289.65
286.5
284.95
288.15
290.95
278.7
286.35
281.75
288.2
292.3
286.25
273.95
276.05
278.2
276.45
292.55
283.5
288.05
294.55
290.7
293.55
292.0
287.55
295.75
302.65
300.0
290.3
297.75
296.65
292.65
298.85
299.95
291.85
291.2
293.95
285.0
286.6
280.0
276.9
289.15
288.0
286.5
289.35
281.95
279.1
280.95
281.0
278.3
287.8
286.55
286.95
281.7
283.1
285.75
290.75
293.0
295.3
297.85
292.25
289.65
295.1
298.3
299.45
297.7
297.2
298.15
291.15
301.5
296.75
288.25
287.6
290.45
289.55
282.75
282.1
283.0
285.7
281.35
284.85
278.25
289.15
285.25
281.9
279.95
274.45
272.65
271.05
274.4
269.8
272.9
278.25
277.55
275.8
276.05
274.6
278.85
281.4
276.9
268.5
266.9
265.65
267.35
276.3
279.95
274.75
276.25
279.65
279.7
280.0
282.25
274.7
283.0
281.6
275.05
274.15
270.0
273.35
275.05
275.35
274.55
274.95
272.8
272.5
274.85
272.75
272.2
274.7
270.4
272.65
271.15
271.3
270.0
269.0
260.15
259.7
260.0
262.9
272.7
274.85
274.9
275.05
275.85
273.45
273.95
273.35
272.1
271.35
275.75
272.7
278.9
283.0
282.5
275.75
273.75
271.35
270.9
272.7
275.9
275.35
274.95
277.3
280.05
284.3
283.2
280.8
276.55
277.55
277.25
279.15
282.75
282.75
275.55
277.75
275.35
277.45
279.0
274.2
275.95
276.8
277.45
273.0
272.05
272.1
276.85
280.2
279.85
278.15
278.25
289.75
283.75
290.3
307.45
313.25
317.85
316.9
320.05
308.65
304.75
306.3
303.35
304.9
305.2
304.45
308.6
308.7
316.5
317.95
334.1
330.5
330.25
327.75
314.8
325.0
323.25
321.25
328.0
332.75
325.5
330.05
334.1
335.65
324.25
326.45
325.6
325.9
323.4
338.25
342.55
332.95
342.7
