972.1
972.45
973.15
953.95
920.75
937.0
947.1
906.9
920.75
940.1
960.6
983.55
976.25
986.4
1011.6
1014.8
993.45
993.05
997.5
1010.4
1101.05
1139.7
1111.0
1053.25
1080.5
1081.8
1056.5
1049.45
1074.45
1033.95
1025.15
1023.95
1033.3
1039.85
1072.35
1071.75
1115.8
1121.7
1109.15
1123.8
1200.65
1226.45
1232.25
1236.75
1257.5
1252.15
1323.25
1328.9
1300.65
1304.45
1306.6
1306.35
1308.8
1307.9
1304.1
1310.4
1348.2
1301.1
1315.6
1308.3
1299.0
1280.15
1310.45
1311.1
1377.8
1390.65
1385.05
1463.7
1465.85
1444.8
1420.55
1416.45
1390.4
1314.7
1283.35
1318.1
1296.95
1355.9
1346.75
1298.15
1268.75
1075.5
1154.0
1176.65
1196.65
1199.35
1178.35
1140.4
1114.95
1154.7
1105.55
1073.0
1096.15
1102.2
1107.65
1149.7
1156.85
1144.3
1121.25
1146.75
1140.5
1126.15
1130.1
1128.4
1122.05
1130.05
1123.6
1129.8
1183.25
1186.3
1236.95
1230.15
1217.55
1226.15
1225.95
1268.65
1266.1
1302.75
1328.9
1308.65
1304.55
1291.35
1297.8
1304.1
1357.75
1358.65
1322.3
1327.9
1335.65
1329.6
1317.75
1291.95
1291.75
1266.0
1271.2
1224.1
1265.1
1284.45
1235.65
1267.7
1276.7
1254.75
1254.35
1244.45
1252.65
1275.7
1264.65
1234.7
1229.45
1227.95
1222.9
1214.6
1191.3
1196.5
1188.6
1174.8
1172.7
1186.8
1242.4
1235.75
1244.4
1238.05
1229.5
1243.15
1275.5
1275.6
1269.55
1264.7
1263.1
1247.1
1282.2
1347.8
1305.3
1317.65
1295.45
1302.55
1261.65
1235.0
1213.2
1142.2
1134.75
1104.65
1115.1
1135.1
1128.05
1111.15
1136.4
1166.55
1164.35
1150.05
1100.6
1090.7
1138.95
1135.9
1159.0
1157.75
1124.3
1094.3
1143.55
1084.85
1099.65
1093.15
1107.95
1091.9
1078.95
1050.8
1036.25
1050.75
1056.5
1101.2
1105.1
1148.05
1207.5
1182.7
1196.35
1181.25
1179.25
1193.2
1202.65
1201.7
1193.65
1208.65
1225.55
1226.95
1249.9
1267.95
1274.2
1304.15
1308.45
1279.4
1278.5
1231.65
1286.8
1260.2
1279.25
1294.4
1301.95
1374.3
1386.35
1397.55
1358.8
1354.8
1347.5
1349.05
1355.75
1342.55
1364.65
1359.05
1342.05
1336.45
1383.65
1363.75
1416.85
1412.5
1437.75
1387.2
1261.2
1260.15
1264.45
1264.4
1232.35
1200.85
1185.2
1205.8
1235.0
1235.65
1260.55
1302.65
1297.1
1287.85
1285.9
1254.85
1263.85
1264.75
1257.0
1268.8
1250.25
1299.4
1262.3
1284.35
1263.35
1256.05
1268.7
1261.9
1253.7
1251.0
1252.95
1266.6
1280.65
1294.55
1312.85
1314.35
1319.8
1310.45
1325.1
1309.75
1316.5
1353.4
1339.25
1374.1
1337.35
1339.75
1333.45
1350.85
1364.7
1392.9
1390.6
1391.05
1411.65
1426.05
1465.8
1512.85
1494.0
1475.85
1503.3
1531.85
1539.05
1580.9
1561.55
1558.75
1583.8
1583.3
1611.15
1620.85
1612.8
1623.8
1659.3
1681.35
1679.2
1674.65
1670.65
1686.55
1721.5
1713.65
1705.0
1717.5
1734.0
1730.4
1718.25
1625.25
1653.0
1640.3
1624.9
1636.2
1626.45
1609.4
1624.2
1787.85
1787.6
1766.5
1795.55
1752.8
1777.7
1908.4
1866.9
1924.45
1890.45
1893.9
1896.3
1876.2
1870.1
1839.75
1870.5
1870.05
1924.85
1913.6
1882.9
1875.2
1847.75
1809.75
1820.95
1826.5
1813.6
1735.25
1738.15
1703.4
1719.0
1743.9
1706.5
1751.2
1690.55
1616.0
1524.8
1463.05
1426.15
1435.05
1437.6
1464.5
1452.0
1529.95
1528.45
1543.15
1574.95
1582.75
1528.5
1535.05
1525.1
1513.9
1540.2
1534.7
1518.35
1524.5
1526.1
1509.25
1507.45
1508.4
1480.9
1484.6
1484.9
1493.95
1459.35
1511.0
1502.75
1528.45
1546.45
1558.4
1550.2
1549.45
1584.5
1565.25
1570.55
1576.0
1652.05
1634.7
1620.25
1624.3
1655.95
1656.15
1668.85
1644.3
1653.15
1665.0
1709.7
1706.9
1691.0
1715.3
1700.35
1703.45
1698.0
1730.9
1751.6
1758.75
1743.4
1752.05
1600.7
1583.85
1529.25
1542.6
1591.0
1600.35
1605.3
1573.0
1552.2
1552.2
1556.15
1550.0
1573.3
1573.55
1581.2
1588.85
1567.35
1576.2
1565.0
1571.55
1566.85
1621.4
1615.1
1616.25
1602.15
1582.95
1590.75
1591.15
1601.9
1598.55
1600.7
1604.1
1627.15
1662.05
1652.95
1647.75
1637.1
1632.7
1638.2
1646.95
1693.35
1704.5
1649.3
1676.15
1711.1
1699.65
1714.45
1732.9
1748.95
1793.95
1771.4
1768.6
1773.15
1749.1
1757.25
1739.35
1761.6
1779.7
1776.95
1766.8
1802.2
