309.35
321.15
313.85
300.5
300.25
322.75
339.45
337.95
349.7
348.95
343.25
348.3
344.9
349.05
363.45
357.1
363.9
358.75
355.65
353.6
362.15
348.05
332.35
308.8
301.05
305.5
302.0
300.0
303.45
293.35
284.85
280.8
284.5
285.8
334.65
331.3
342.75
339.8
332.3
336.6
332.5
328.8
333.35
337.1
342.0
344.35
343.55
344.5
333.65
335.55
338.95
348.05
348.05
351.95
351.0
345.75
350.3
343.15
344.4
341.9
341.2
342.35
336.55
334.65
333.0
341.7
345.3
343.65
348.9
323.1
329.4
337.9
328.9
322.75
325.1
334.75
331.3
330.2
335.05
327.95
323.5
285.6
284.35
290.25
305.2
299.9
311.45
296.15
294.0
299.4
287.3
290.65
292.05
291.85
290.2
286.55
287.8
283.05
275.5
273.85
287.95
277.6
286.45
283.25
286.85
281.15
282.4
282.95
283.3
287.9
286.25
286.4
285.25
283.05
279.15
276.5
280.0
285.6
283.4
280.15
278.65
275.65
273.25
264.35
264.55
261.85
264.25
262.75
266.2
268.95
263.05
248.55
251.5
252.25
254.65
248.05
250.05
249.15
246.9
243.9
242.75
241.5
242.95
243.05
243.25
239.5
238.0
238.9
236.5
232.75
242.05
237.4
231.45
233.0
235.05
235.2
238.0
238.25
244.45
242.7
244.1
240.3
243.3
243.65
243.9
242.45
242.4
241.0
243.65
241.2
242.2
242.35
236.6
239.7
236.7
229.65
225.35
226.6
226.45
219.35
222.1
220.6
222.15
223.4
226.45
224.1
224.45
226.4
230.4
226.75
221.1
221.25
222.95
225.1
221.45
220.05
221.25
221.9
226.85
225.75
222.8
226.1
222.8
221.4
219.5
209.75
207.65
208.25
205.75
214.6
221.9
226.35
227.75
229.75
231.15
226.85
228.15
227.95
220.05
220.8
219.65
220.85
227.8
224.4
224.25
222.6
219.9
226.7
235.0
240.0
230.05
239.85
250.1
248.35
243.6
259.1
275.45
276.4
278.9
278.6
274.4
270.45
264.85
262.25
261.95
268.2
264.65
266.3
269.2
268.0
269.65
270.05
272.05
280.1
281.2
288.4
295.0
295.15
300.05
305.35
299.1
289.3
282.35
279.65
290.4
348.45
349.15
352.9
357.65
360.6
361.7
375.4
382.45
384.9
380.65
375.7
370.55
373.25
372.95
381.1
372.3
390.1
400.45
390.6
388.2
382.8
375.15
385.45
391.15
393.0
390.95
386.45
393.3
387.75
382.85
375.65
382.4
378.35
375.3
384.85
375.5
375.0
372.1
372.6
370.45
368.1
371.15
373.15
379.2
386.3
385.6
384.1
381.3
374.0
376.15
374.5
374.15
372.3
367.45
366.3
360.0
356.05
356.0
360.25
361.6
360.95
359.7
363.8
364.15
373.05
373.55
373.25
364.8
369.55
367.2
369.25
371.45
372.7
363.8
359.25
362.75
366.35
360.15
368.3
378.65
390.15
400.55
407.2
394.55
391.15
394.4
375.65
382.1
389.05
389.25
450.65
434.5
420.95
432.5
420.0
425.35
424.7
421.55
419.45
423.1
421.6
425.75
417.25
421.15
423.15
427.7
433.3
430.45
422.25
409.9
406.1
395.35
402.1
403.55
405.1
404.35
384.65
385.5
383.05
391.6
368.4
373.85
380.35
391.75
397.85
420.85
427.9
428.4
424.65
431.75
433.6
430.65
432.65
434.85
431.15
459.95
451.65
441.5
442.2
445.45
446.95
447.05
440.55
439.8
446.9
436.7
434.45
440.55
444.2
444.2
452.4
481.8
484.1
484.65
474.1
478.25
483.4
481.15
481.25
472.1
468.4
468.2
465.25
465.2
459.7
477.95
480.05
476.8
475.7
467.3
460.0
472.0
475.0
496.45
509.7
501.25
500.95
490.45
493.25
498.05
485.65
464.55
461.55
468.95
467.25
467.15
463.6
469.5
454.2
451.85
457.55
468.75
467.55
469.6
476.9
468.85
470.4
469.25
468.5
461.3
465.9
461.35
461.75
461.6
462.95
459.8
457.9
456.55
462.45
467.7
475.8
487.65
500.25
511.95
501.95
491.8
485.9
488.9
480.0
486.85
482.4
495.6
503.45
514.75
517.6
519.8
518.65
505.85
502.25
499.8
522.15
518.6
519.45
511.25
518.5
521.2
535.8
532.35
543.3
542.1
