60.0
61.15
61.75
58.9
56.95
58.1
60.35
58.45
60.05
61.95
63.35
66.0
72.2
72.6
71.5
71.55
70.35
70.05
69.4
70.95
73.35
72.2
71.15
68.85
68.85
68.7
67.6
66.7
67.35
66.25
64.75
65.05
64.5
64.7
68.45
67.85
68.45
70.35
69.95
71.55
72.95
80.7
84.1
83.0
82.2
80.65
84.15
86.9
91.4
88.85
100.25
101.0
98.25
99.3
99.45
104.5
103.75
99.4
101.1
100.55
98.8
95.6
99.15
99.85
103.5
102.05
104.85
106.95
105.6
102.7
101.2
99.65
96.95
95.45
81.5
84.95
89.75
88.3
85.1
84.75
82.2
67.0
74.0
73.15
77.9
74.55
77.3
75.05
75.8
80.2
76.5
73.7
75.8
78.05
79.45
80.15
80.6
80.2
80.1
81.15
82.5
80.6
83.0
83.1
84.85
86.05
88.35
88.4
88.95
89.25
91.25
91.95
94.5
95.95
95.05
94.85
95.35
93.95
97.25
101.0
98.25
100.1
93.45
93.3
94.85
94.2
93.7
91.85
91.5
90.35
87.35
84.5
84.25
83.45
86.1
86.7
86.1
87.65
86.2
88.45
91.05
91.35
89.95
89.65
90.9
90.85
93.75
92.0
99.15
99.9
99.7
95.7
90.2
92.35
90.15
92.45
93.0
92.1
95.75
94.35
93.65
92.2
95.3
95.4
94.7
96.5
95.85
96.9
97.75
95.65
96.95
95.35
91.6
93.1
94.2
92.95
89.0
87.25
82.15
76.45
80.55
79.45
79.3
80.3
83.05
84.7
83.25
87.15
84.4
82.55
78.95
78.9
80.2
80.25
80.1
78.25
75.85
73.05
76.1
72.2
70.3
74.35
76.6
77.65
76.4
75.25
75.3
74.6
73.45
76.25
79.05
79.5
80.15
81.35
81.85
80.4
81.05
81.15
80.55
79.9
80.15
80.45
82.9
89.65
88.25
86.2
91.3
92.5
90.45
91.3
91.25
88.65
89.3
88.1
90.2
93.4
92.55
91.6
89.6
88.6
88.65
91.95
91.05
91.95
92.7
89.7
88.85
88.25
87.35
85.65
85.65
86.5
86.55
87.15
87.6
88.8
87.15
87.9
87.45
89.7
87.8
87.0
88.85
84.6
86.4
88.55
86.95
91.6
92.5
93.6
91.6
90.35
90.15
94.4
96.1
97.15
96.5
94.25
91.85
87.7
88.25
87.6
87.5
86.9
85.45
86.5
86.2
88.7
89.8
90.85
93.6
90.8
89.25
90.85
88.95
89.3
88.6
89.05
90.5
89.0
88.75
89.8
89.0
87.2
86.15
90.55
88.85
88.15
87.4
87.05
86.95
86.75
88.1
88.2
88.8
90.1
87.15
87.45
87.35
85.35
84.35
84.4
84.6
86.0
85.25
85.65
86.95
86.6
86.25
84.45
86.0
88.45
88.95
87.3
86.15
85.5
85.35
84.95
83.95
81.75
81.1
74.75
79.7
84.75
84.05
86.35
89.85
88.8
89.15
87.95
97.35
99.6
103.45
103.5
107.3
109.85
110.85
107.1
107.0
105.5
102.65
105.3
102.75
97.8
95.45
91.7
98.2
101.25
99.95
99.35
93.45
93.75
93.3
93.7
94.2
92.5
91.9
94.5
94.05
96.0
94.6
95.2
95.95
94.75
94.0
94.15
94.0
94.15
94.0
98.15
98.3
97.4
96.15
96.2
95.7
97.6
96.25
96.8
95.3
95.45
95.45
96.2
94.9
95.1
96.25
96.15
98.05
98.15
103.6
103.9
102.4
104.05
103.55
103.3
103.2
107.0
106.95
108.95
110.8
107.85
111.35
115.5
121.8
120.35
125.25
124.8
130.1
129.15
131.7
134.25
135.85
133.25
130.4
127.85
129.7
130.05
125.65
128.95
128.6
131.15
134.05
132.0
131.05
128.45
129.6
127.9
126.95
126.1
125.0
125.2
124.2
123.25
123.5
123.05
123.45
124.5
124.7
122.45
121.25
121.45
125.95
127.9
125.5
125.95
124.8
126.3
125.9
132.3
132.05
132.9
131.15
131.8
136.9
139.95
148.85
150.35
140.45
144.2
147.05
145.65
152.7
152.6
150.75
144.9
146.95
154.5
159.65
157.5
154.2
156.1
157.1
154.2
153.65
154.6
159.7
