61.85
61.8
61.75
59.1
57.1
59.05
61.0
59.75
61.4
64.0
61.25
60.4
59.85
58.25
58.5
60.65
59.9
60.8
60.65
61.65
64.15
63.05
61.05
62.3
61.75
62.2
60.4
59.05
60.05
58.25
58.8
60.4
59.95
60.6
63.8
63.4
63.9
63.7
62.35
62.1
61.0
58.85
60.6
63.1
62.85
64.1
63.7
63.15
60.95
60.5
61.45
63.9
65.0
66.55
67.85
67.25
66.65
65.15
63.6
62.9
64.35
63.05
62.05
62.9
64.2
65.45
66.85
65.4
64.55
65.45
64.45
65.1
64.15
63.1
62.95
64.3
63.4
62.55
62.4
60.95
60.1
55.7
54.05
54.8
56.05
55.1
55.8
55.0
54.6
55.0
53.35
52.55
55.3
57.55
56.6
56.7
57.35
56.25
55.6
56.95
57.35
56.6
56.8
57.05
57.05
58.7
57.85
59.85
59.05
58.95
58.65
58.95
58.45
58.35
58.65
58.9
59.35
59.0
58.95
59.0
57.1
58.25
57.45
56.7
59.85
59.75
59.65
59.3
57.75
57.4
57.0
56.65
56.6
56.05
56.95
57.0
57.2
57.05
56.3
57.1
56.75
57.0
57.2
58.65
59.0
59.9
59.45
59.25
58.75
58.45
58.5
58.0
57.55
57.6
56.65
57.65
58.35
57.6
58.2
57.85
57.25
58.0
57.8
57.45
58.15
56.65
58.2
58.45
58.0
56.8
56.45
56.85
55.0
55.3
54.8
54.55
54.1
52.6
51.75
50.85
51.6
50.55
49.9
50.6
51.15
51.5
51.1
52.1
53.85
53.05
51.95
50.8
52.15
51.2
49.4
49.95
47.05
46.0
48.15
45.8
47.55
48.15
48.25
48.95
48.7
47.7
47.65
48.5
47.45
49.95
52.3
54.0
59.2
57.9
58.8
58.8
58.55
59.2
57.15
56.55
55.45
56.6
59.2
58.15
59.15
54.85
56.15
56.9
56.35
56.0
56.25
55.15
54.75
54.25
55.15
54.7
55.5
56.5
57.55
57.15
57.15
58.7
57.15
58.0
58.0
58.0
58.05
57.8
58.05
58.0
58.0
58.05
58.0
58.3
58.05
59.05
59.85
58.75
59.55
61.15
64.25
68.3
66.15
68.6
70.4
70.9
75.15
73.4
71.25
71.0
72.4
72.4
70.45
76.8
79.0
77.6
78.6
77.45
77.5
79.4
78.25
81.65
81.75
79.9
77.3
77.1
74.05
74.35
76.85
75.45
75.9
75.7
77.45
76.15
75.65
77.25
79.35
80.6
80.2
79.05
78.05
77.55
76.6
80.85
83.35
86.95
93.4
88.75
94.25
92.95
94.65
95.3
98.4
93.55
100.1
112.05
107.55
106.15
103.55
98.7
99.85
98.4
101.45
103.8
108.95
111.05
109.85
108.7
110.5
108.3
114.75
118.15
115.8
112.75
112.15
112.65
111.9
110.8
106.35
99.3
106.6
106.8
111.25
109.55
112.3
121.3
119.1
120.5
119.9
119.75
118.85
107.75
113.75
122.8
121.25
121.3
118.6
121.9
119.3
117.7
116.05
116.7
118.35
126.2
127.2
123.5
125.0
123.75
124.5
121.55
122.0
123.8
121.5
118.0
114.85
111.95
111.4
111.25
104.95
110.0
104.15
93.65
93.05
91.5
92.65
88.1
91.1
93.7
90.25
94.7
99.75
102.6
101.65
98.85
95.35
95.5
95.35
93.8
95.1
95.2
93.1
92.0
91.05
87.85
82.8
86.1
92.55
95.6
96.2
98.2
91.9
95.25
96.4
95.0
97.6
98.7
99.85
99.15
98.8
96.95
98.0
97.6
101.85
105.75
107.25
107.45
109.55
108.5
110.7
108.45
110.05
113.25
115.2
112.8
112.05
110.15
117.65
117.7
123.55
121.9
123.55
121.45
118.0
119.7
118.85
115.65
111.65
117.5
119.4
121.55
124.75
128.1
135.05
142.45
137.2
139.35
134.25
133.4
134.35
132.6
135.1
133.95
135.9
138.7
140.0
140.1
137.3
138.0
136.65
137.05
138.95
139.6
137.55
146.05
157.65
156.1
157.7
161.0
168.25
171.65
181.4
178.85
180.7
177.3
175.65
170.0
169.6
177.65
175.95
174.1
178.95
179.1
171.2
169.0
167.65
164.6
165.45
167.1
169.65
176.8
178.5
181.35
182.2
179.4
188.15
