999.1
1013.25
983.05
948.9
928.85
945.15
940.35
933.7
936.25
930.85
929.15
932.1
937.55
933.15
932.25
928.2
932.05
925.4
920.7
926.0
936.55
926.85
919.95
918.3
872.1
871.6
876.95
876.85
885.2
881.0
884.05
891.15
890.0
890.05
894.9
906.9
923.0
918.7
921.75
926.8
916.8
890.35
895.7
899.85
892.2
885.65
882.4
897.8
900.2
914.8
909.4
913.1
908.35
920.15
924.5
943.45
936.05
925.65
928.1
939.25
937.0
920.8
914.65
921.35
934.0
953.1
975.65
977.2
992.9
1005.2
1000.0
997.45
993.6
981.05
984.1
987.9
972.1
964.6
968.0
953.1
940.25
865.25
874.4
882.6
908.75
920.05
899.45
886.75
900.25
910.4
905.65
900.15
900.95
908.9
901.5
901.0
901.9
900.5
901.5
901.6
902.45
901.9
912.4
910.25
901.75
901.95
902.1
902.6
911.5
913.8
906.25
902.8
903.8
907.45
907.85
917.45
933.45
926.15
931.95
927.35
920.3
917.25
916.95
909.25
900.35
900.55
897.45
893.2
897.05
894.6
888.6
875.85
881.85
885.2
893.7
879.3
880.05
880.15
878.4
882.25
925.45
914.1
911.1
911.35
916.55
924.9
924.05
919.6
909.5
921.6
921.1
926.8
929.7
929.9
925.15
936.65
927.05
930.25
941.05
942.55
932.0
932.4
942.3
944.25
944.45
937.1
941.9
944.8
940.0
932.75
930.15
928.7
915.5
925.65
916.4
911.05
903.35
897.9
890.8
879.75
867.0
846.2
850.7
859.65
860.4
870.5
886.7
892.3
918.4
912.0
910.05
898.55
897.9
895.5
887.05
879.2
854.3
843.95
860.0
835.5
830.2
849.2
844.35
841.3
836.0
835.5
818.1
807.15
797.85
823.4
830.6
843.35
838.25
831.3
836.0
833.85
830.5
840.2
840.8
836.9
840.05
836.0
850.5
856.35
860.1
860.05
860.05
870.15
880.45
883.0
886.5
892.75
901.5
915.05
911.1
937.25
932.8
936.25
935.45
943.3
935.4
927.65
986.1
982.8
964.5
956.55
947.75
941.6
962.5
995.8
1194.95
1265.15
1193.25
1187.65
1191.6
1197.35
1197.85
1198.65
1192.15
1195.15
1190.45
1192.75
1188.25
1205.0
1209.9
1256.6
1228.0
1221.55
1267.85
1355.05
1387.45
1385.65
1369.8
1320.65
1329.7
1314.9
1320.1
1298.95
1307.85
1310.95
1320.55
1389.05
1366.9
1367.4
1367.5
1362.75
1354.55
1359.85
1360.35
1368.3
1407.55
1395.6
1408.75
1417.85
1404.0
1403.25
1413.3
1408.7
1396.6
1392.05
1386.95
1388.15
1382.3
1376.2
1411.35
1426.4
1483.6
1554.65
1603.6
1614.95
1592.05
1653.8
1728.4
1710.4
1712.2
1705.0
1740.7
1729.65
1706.95
1696.0
1703.15
1695.65
1670.8
1750.5
1761.45
1733.75
1727.15
1734.15
1727.1
1715.4
1780.4
188.9
190.35
189.9
185.45
184.55
180.7
187.75
186.05
182.95
181.25
181.5
182.85
188.8
190.6
187.95
188.35
186.75
188.15
187.9
186.85
182.85
183.7
185.0
184.3
182.4
183.8
181.85
182.3
180.75
181.1
184.8
185.7
185.2
185.1
185.05
194.15
214.9
213.2
211.55
209.2
210.55
214.7
209.35
205.3
196.8
204.4
210.25
202.75
205.05
198.25
181.25
178.7
178.65
173.5
169.4
168.05
172.45
170.4
172.05
172.35
170.85
171.8
168.9
169.9
171.9
171.3
170.15
175.75
174.25
169.85
169.9
169.7
169.6
171.35
170.0
161.55
164.75
164.8
163.8
159.7
159.9
155.45
158.3
162.3
163.25
163.75
164.55
164.9
164.65
162.85
165.1
169.5
166.05
163.45
162.65
162.65
169.8
177.75
178.0
181.75
185.2
193.25
196.05
193.05
205.1
205.0
208.0
208.35
213.65
217.6
214.4
215.75
213.65
211.55
208.95
207.05
214.3
213.0
213.75
213.85
212.7
212.65
215.2
226.8
230.8
228.0
235.15
245.8
248.95
247.15
248.3
245.5
249.95
178.5
178.0
174.7
172.85
172.9
169.65
170.15
169.0
168.75
170.4
171.8
174.85
173.4
174.75
176.75
175.4
182.1
184.25
184.85
184.0
181.9
177.5
183.05
181.1
186.0
184.65
187.9
189.5
187.35
189.3
190.4
190.4
188.6
203.0
204.75
207.9
211.1
211.75
209.15
206.9
209.95
