679.05
685.95
682.0
639.75
639.4
692.25
706.05
684.5
708.8
720.1
760.1
775.6
755.1
725.45
711.3
719.2
729.65
714.45
696.05
758.6
768.95
779.6
744.55
719.5
724.05
737.5
715.95
723.0
720.4
698.35
700.35
704.35
696.3
720.05
733.4
726.15
730.05
713.7
710.45
708.3
712.05
705.5
712.4
720.6
717.15
710.85
703.45
711.85
717.6
700.55
702.15
732.65
734.1
721.0
740.15
768.25
778.75
760.15
769.85
788.5
792.5
776.7
770.95
781.45
863.6
861.65
863.85
853.5
833.7
833.85
866.95
805.45
817.4
774.25
806.45
807.5
800.85
783.55
781.35
750.15
721.3
676.55
680.65
712.05
730.55
735.35
701.3
687.2
684.3
682.1
663.15
622.15
627.35
628.25
626.1
640.25
644.05
622.75
657.7
671.9
687.0
696.6
690.7
686.4
683.05
665.25
656.05
657.95
642.9
665.4
665.95
660.8
705.5
727.1
735.65
745.55
760.0
748.0
724.8
716.1
740.55
747.4
760.55
741.7
737.4
729.3
710.1
716.25
710.9
708.35
701.45
703.05
660.3
650.7
650.5
622.0
634.95
641.45
599.45
616.95
629.4
636.4
645.3
626.6
624.95
617.7
614.6
610.1
605.45
603.0
603.65
607.1
585.45
590.35
622.15
614.8
619.3
623.45
628.25
641.15
627.1
617.95
622.25
656.25
649.3
668.35
642.55
629.7
638.55
629.6
652.25
676.6
700.2
744.9
750.9
738.5
695.8
706.9
690.2
631.35
664.85
639.2
627.2
637.7
661.7
662.35
640.5
665.1
646.85
641.55
616.0
595.0
594.15
595.35
565.4
537.25
515.8
494.9
530.5
507.0
521.1
520.35
519.7
511.5
499.2
495.15
484.3
484.0
484.9
485.9
492.1
513.75
513.75
503.3
508.6
511.65
512.95
512.1
502.0
498.05
507.1
511.5
533.05
532.15
533.3
521.3
520.45
521.3
517.9
553.2
571.45
565.9
571.5
579.35
585.3
587.25
599.05
596.6
608.4
598.4
594.65
583.1
578.4
594.6
592.95
580.8
581.05
582.05
568.75
551.2
555.55
564.9
567.05
561.05
571.95
566.15
566.95
562.45
549.85
543.9
550.3
547.0
538.25
517.95
518.9
533.05
532.75
494.2
507.35
494.15
488.55
482.15
481.15
480.45
494.75
509.95
558.55
557.45
547.5
546.5
548.95
547.9
547.1
529.7
520.8
516.05
513.2
509.95
507.35
503.25
514.55
527.7
522.75
527.0
518.85
508.2
515.45
538.25
540.5
531.25
528.85
520.9
538.65
570.55
549.5
546.45
551.5
530.4
523.25
526.8
529.75
535.15
534.65
530.1
525.45
534.45
533.6
541.0
518.0
511.25
511.3
511.5
507.95
509.15
505.4
505.4
514.05
511.1
497.95
484.7
485.15
486.15
484.85
478.9
483.8
473.7
479.75
482.9
483.1
471.3
474.1
482.5
493.05
510.4
504.1
511.6
513.15
510.1
509.75
510.6
514.0
488.3
503.45
495.85
499.8
494.85
497.95
494.95
504.85
498.65
492.35
496.35
510.5
525.45
569.9
561.2
560.85
545.25
542.55
530.45
516.05
528.95
521.2
514.85
505.45
499.05
509.4
510.15
502.7
519.05
512.75
476.65
486.2
501.2
535.45
506.1
505.95
514.2
512.05
509.45
503.4
506.9
525.75
533.55
538.9
531.5
601.8
575.05
574.1
614.35
620.15
618.65
600.75
613.5
602.15
595.1
610.15
606.1
595.65
595.5
588.15
596.15
595.3
596.2
592.0
596.6
620.2
634.0
639.75
638.8
672.1
687.15
688.7
675.7
655.85
666.6
658.45
657.3
652.85
650.9
652.8
669.8
655.6
649.95
643.4
640.15
635.05
623.7
617.6
637.35
647.45
660.2
663.8
633.9
636.0
625.3
598.4
603.3
594.9
600.35
611.5
606.2
602.9
598.4
591.0
598.25
611.2
609.45
600.5
603.45
601.15
604.05
598.6
600.15
597.15
597.25
595.3
599.4
600.0
602.5
599.65
598.05
591.05
594.25
579.9
584.15
586.1
599.7
612.1
616.25
611.75
642.8
645.95
648.45
631.45
623.8
610.7
611.7
648.45
636.3
622.65
618.5
615.25
616.55
616.25
611.45
643.95
631.6
618.55
621.35
628.3
623.65
610.25
604.75
608.4
