171.55
161.9
161.9
155.2
151.25
153.35
157.6
151.5
152.25
154.95
158.25
159.6
158.8
158.95
157.15
159.0
158.9
157.2
155.0
154.0
153.7
154.2
150.85
146.1
148.75
148.35
144.9
144.75
144.7
142.8
142.0
144.65
145.6
146.7
147.9
146.85
149.2
150.15
150.75
151.5
152.8
146.25
148.3
151.4
150.1
150.3
149.4
150.35
152.1
152.75
152.05
154.25
152.05
152.5
153.15
154.9
155.0
153.1
152.55
152.95
150.65
144.8
141.7
142.8
143.85
146.25
149.85
155.5
154.75
156.25
159.15
158.75
159.45
158.25
156.05
159.6
162.0
164.35
160.65
160.75
154.3
147.55
153.3
152.9
156.75
154.1
153.6
148.35
148.8
149.15
147.8
147.1
148.1
149.05
150.4
148.1
148.7
149.3
148.75
147.6
153.25
152.7
152.45
159.4
155.95
152.4
155.65
152.0
152.7
152.7
158.8
155.8
152.0
152.25
150.75
150.4
150.85
152.1
155.75
155.8
160.75
158.8
162.2
161.4
160.95
156.05
149.5
152.55
149.1
147.45
144.9
142.95
144.7
141.75
143.2
145.1
147.25
147.0
147.3
149.1
148.8
148.9
148.8
148.65
148.45
148.6
146.0
145.1
143.0
141.3
141.0
139.7
137.55
139.35
139.95
140.95
143.55
143.95
145.15
145.25
145.55
144.3
142.95
145.1
146.3
146.5
147.0
146.45
147.45
144.75
142.35
141.85
139.25
142.35
139.7
139.85
138.0
138.45
134.7
129.85
127.7
125.0
119.95
125.05
124.9
121.3
118.3
120.25
123.25
122.15
119.05
122.1
124.75
126.85
128.5
127.55
126.65
125.55
129.0
126.25
124.25
128.85
126.95
129.0
126.3
127.95
126.4
129.1
127.85
128.0
131.7
131.85
132.1
130.6
132.5
133.55
131.85
136.7
135.0
134.9
134.85
136.55
135.65
136.25
135.85
136.05
134.55
138.2
139.35
141.45
141.6
134.85
135.7
134.5
134.2
134.45
135.45
134.35
133.45
136.9
137.4
143.25
144.15
147.6
149.5
146.85
147.25
143.65
144.5
139.45
141.8
144.9
147.0
148.05
147.85
148.0
146.65
147.5
148.2
151.35
150.1
153.3
153.1
151.8
156.95
156.05
157.55
160.45
164.25
158.9
160.1
157.95
161.6
162.35
163.5
159.6
156.55
158.3
159.3
160.3
160.1
161.35
162.0
162.8
161.7
163.45
165.85
167.45
166.8
164.4
169.3
175.5
175.0
170.55
176.0
173.45
172.75
177.05
182.45
179.8
179.95
179.3
175.7
176.55
174.6
181.4
181.8
177.1
178.2
176.7
179.1
177.3
175.95
173.6
173.05
175.05
174.25
178.35
176.05
174.8
173.05
174.95
176.0
177.2
178.55
175.4
175.0
174.95
176.6
174.6
179.05
183.5
185.3
184.75
187.1
189.75
190.85
192.9
190.75
184.2
188.05
194.7
193.45
194.05
195.1
192.1
194.95
193.05
192.45
189.0
190.05
181.35
183.0
188.5
190.2
194.4
193.05
193.25
192.95
188.1
191.05
185.35
193.35
195.8
199.15
204.05
202.25
203.5
202.5
191.1
195.75
198.45
202.95
197.7
192.8
188.8
193.35
194.2
190.3
193.6
181.05
172.85
178.25
178.2
178.35
170.65
174.7
175.0
171.05
175.7
174.4
178.2
181.15
179.05
175.95
176.7
177.3
175.65
178.55
179.3
174.9
172.75
171.55
174.9
175.45
175.35
173.75
173.1
172.05
173.3
173.05
176.85
177.65
178.95
180.1
183.05
183.0
182.1
184.25
186.5
185.6
183.05
186.45
184.4
182.05
184.95
182.75
189.25
194.2
194.5
194.15
196.85
195.0
197.25
202.6
197.3
202.85
209.7
209.05
208.1
207.75
209.3
207.6
207.9
215.5
213.7
208.6
210.45
210.1
215.3
215.15
213.05
212.55
208.65
211.85
212.5
213.2
210.95
212.75
214.15
211.6
212.15
214.35
216.45
220.85
222.1
219.15
218.55
219.5
214.65
215.85
215.65
213.65
216.55
219.8
220.55
224.35
230.0
228.65
227.25
224.85
227.1
233.0
227.65
227.35
230.75
225.2
233.8
238.45
234.45
235.65
235.85
230.25
227.6
229.85
230.9
222.3
236.6
241.95
239.0
237.25
247.0
247.5
244.85
245.8
