988.8
1000.95
987.65
970.6
951.3
982.0
990.3
971.95
990.25
991.05
990.1
1009.85
1007.55
1024.05
1024.7
1024.3
1023.55
1027.4
1038.15
1029.4
1050.55
1036.2
1008.8
1005.55
1014.95
1011.75
1003.45
1001.85
1015.6
1000.2
1009.15
1005.2
1008.4
1004.7
1019.6
1030.5
1047.15
1052.1
1045.8
1065.0
1062.85
1056.65
1067.15
1072.35
1058.2
1074.25
1083.5
1086.85
1068.85
1074.05
1090.75
1096.15
1091.85
1096.7
1114.7
1110.55
1115.25
1098.05
1114.4
1107.9
1107.85
1095.85
1108.5
1108.35
1110.55
1111.65
1095.4
1086.45
1092.2
1095.95
1092.65
1094.65
1094.7
1070.45
1077.55
1101.8
1091.5
1086.35
1081.85
1074.7
1061.3
1019.05
1018.45
1013.5
1022.1
1027.95
1027.45
1000.1
995.15
1010.3
996.05
984.45
1004.05
1016.3
1011.0
1010.5
1019.7
1013.15
1023.35
1049.75
1052.95
1030.65
1049.2
1051.4
1046.4
1064.8
1068.8
1067.65
1098.35
1085.95
1087.75
1083.1
1086.15
1080.55
1076.35
1084.75
1084.15
1100.05
1097.8
1094.9
1095.0
1108.5
1101.5
1110.9
1111.5
1103.55
1099.6
1083.1
1084.9
1081.7
1079.85
1080.9
1064.8
1054.6
1054.4
1052.05
1060.95
1060.8
1048.6
1068.9
1070.85
1066.05
1064.35
1063.95
1079.4
1077.75
1083.0
1077.8
1076.75
1058.9
1061.95
1049.25
1047.45
1060.6
1046.35
1055.05
1059.45
1067.3
1080.25
1073.0
1075.4
1066.45
1074.1
1074.0
1077.25
1077.95
1074.3
1082.15
1088.75
1070.5
1062.4
1067.1
1056.2
1062.35
1058.6
1046.95
1060.15
1049.75
1042.15
1025.85
1035.8
1018.3
1023.0
1030.3
1041.15
1035.65
1031.7
1049.85
1059.75
1053.8
1043.85
1049.2
1055.25
1035.85
1026.05
1012.95
975.3
971.4
973.6
973.45
974.9
989.45
989.3
988.75
970.05
949.6
942.65
961.0
971.85
984.15
1007.2
1015.85
1020.55
1014.15
1024.8
1021.25
1028.7
1027.55
1026.7
1030.45
1018.4
1028.4
1045.6
1053.85
1049.35
1047.5
1053.8
1064.95
1071.15
1064.45
1069.05
1057.45
1061.5
1055.5
1059.35
1070.95
1063.0
1081.75
1087.8
1097.85
1091.15
1092.15
1093.25
1113.85
1124.2
1113.95
1132.35
1117.65
1118.0
1127.35
1132.3
1119.65
1141.4
1144.9
1138.8
1149.1
1140.9
1162.8
1153.45
1140.65
1139.3
1140.9
1136.75
1139.95
1173.3
1183.25
1186.8
1179.75
1181.9
1175.15
1174.95
1171.75
1171.1
1173.7
1162.6
1159.4
1161.35
1152.9
1151.85
1169.55
1162.15
1170.0
1172.05
1166.65
1171.5
1190.1
1161.9
1159.95
1166.95
1168.3
1176.45
1174.5
1172.8
1165.6
1185.65
1174.85
1199.75
1202.15
1197.75
1200.35
1223.7
1227.45
1218.35
1232.2
1228.6
1230.8
1246.95
1238.8
1236.95
1248.45
1246.2
1242.3
1243.3
1240.45
1241.0
1249.25
1249.6
1247.2
1226.9
1228.25
1228.7
1227.3
1234.9
1252.5
1247.1
1250.3
1251.45
1261.8
1258.55
1257.1
1238.1
1268.65
1291.2
1283.7
1285.1
1300.4
1286.75
1289.4
1290.4
1279.9
1269.45
1279.6
1297.85
1290.15
1288.45
1293.0
1306.9
1312.7
1296.15
1298.05
1295.25
1277.5
1272.85
1287.2
1289.55
1286.1
1281.95
1280.6
1284.35
1262.75
1261.8
1237.7
1257.85
1258.35
1255.5
1270.7
1263.55
1250.3
1239.3
1252.1
1259.05
1253.3
1259.8
1246.15
1254.95
1243.7
1249.45
1254.3
1251.25
1278.55
1275.8
1254.75
1244.35
1230.2
1211.4
1198.7
1198.05
1184.75
1165.5
1189.3
1184.45
1178.75
1199.6
1197.25
1189.1
1196.35
1194.45
1181.6
1199.5
1198.3
1184.45
1186.25
1175.7
1176.6
1182.3
1176.75
1181.9
1180.0
1173.1
1186.25
1175.0
1185.2
1186.75
1205.2
1206.2
1197.1
1189.9
1185.5
1186.2
1193.65
1195.2
1214.35
1234.0
1235.0
1232.5
1247.65
1238.5
1242.6
1236.3
1236.35
1244.65
1267.55
1290.6
1291.9
1284.95
1286.65
1305.7
1298.7
1311.05
1314.1
1307.15
1305.65
1297.65
1303.6
1310.2
1311.1
1322.2
1327.9
1377.05
1409.1
1415.55
1399.15
1394.3
1393.6
1390.1
1391.65
1380.1
1377.0
1380.75
1386.2
1392.2
1394.2
1400.1
1410.7
1416.6
1417.35
1425.85
1436.1
1440.95
1430.9
1430.9
1424.35
1409.85
1420.2
1428.6
1466.2
1442.55
1433.2
1432.35
1438.5
1438.85
1434.15
1439.5
1443.7
1440.3
1436.8
1447.3
1449.0
1462.15
1496.6
1533.05
1537.05
1550.65
1568.6
1546.5
1540.6
1544.3
1534.8
1532.2
1534.8
1535.75
1551.8
1546.4
1551.65
1553.4
