120.1
123.8
120.9
115.7
110.3
108.55
117.35
119.95
118.85
119.15
117.5
116.95
118.3
117.65
118.25
117.55
115.3
117.5
119.75
119.7
120.5
119.8
121.5
119.3
116.65
118.35
117.25
118.9
118.45
117.55
117.85
117.5
118.0
115.5
116.65
114.05
115.1
114.95
114.5
115.95
115.75
115.65
118.65
121.1
121.6
118.85
118.35
119.95
120.1
121.05
120.45
125.75
124.95
125.8
134.0
131.3
131.1
130.25
132.35
129.05
130.05
128.65
127.85
128.2
126.9
129.7
128.05
128.45
127.1
127.8
125.2
133.6
134.05
128.5
129.3
129.2
127.95
127.85
128.35
127.5
126.65
121.05
123.15
120.85
121.5
121.6
123.2
120.7
120.0
120.3
118.9
117.8
119.6
119.35
118.15
117.3
118.15
117.75
116.8
115.65
115.65
111.85
113.35
117.4
115.1
115.85
117.7
116.95
118.05
116.0
115.8
118.1
118.1
116.85
115.95
124.25
125.7
126.55
128.0
126.0
126.55
128.15
127.7
127.8
126.65
126.0
129.45
125.9
126.05
127.65
128.0
127.75
128.2
127.15
125.75
125.05
122.5
122.4
124.25
125.35
128.15
131.2
130.4
131.0
133.6
135.75
136.2
134.85
133.55
133.0
131.9
132.3
132.1
130.9
130.05
127.85
127.5
127.85
128.6
127.75
129.45
136.6
134.95
134.35
137.45
136.7
137.85
136.9
142.2
139.25
149.4
143.95
139.2
146.5
147.45
143.05
143.05
144.45
143.2
139.9
139.25
135.9
134.0
137.2
138.3
135.85
136.0
138.9
135.85
133.4
135.65
136.0
135.5
139.0
134.1
132.55
128.7
133.75
131.45
128.7
131.25
131.05
129.9
129.05
128.35
127.8
126.4
125.2
126.85
133.7
131.85
132.0
131.15
129.95
129.05
131.4
127.45
126.05
122.2
124.6
129.95
133.45
138.0
138.55
135.6
132.65
135.95
139.8
141.7
135.3
138.35
136.05
136.95
135.1
136.9
137.0
137.65
136.95
137.45
139.25
141.5
143.3
141.65
139.95
138.45
136.9
137.7
139.5
138.2
137.7
138.6
136.55
138.75
138.9
141.5
140.45
138.95
139.5
139.05
137.35
135.9
133.7
132.95
132.75
132.85
133.6
134.95
135.6
132.5
133.9
134.95
132.55
135.0
135.35
137.2
135.1
134.7
134.6
133.95
134.5
133.0
132.85
134.9
133.8
132.5
134.0
134.35
133.8
137.15
138.1
143.3
138.15
138.0
135.0
133.05
134.35
134.1
134.55
133.95
134.95
129.75
128.75
128.55
128.75
127.6
128.8
131.45
130.05
128.85
130.2
132.6
130.0
133.4
133.5
133.0
134.3
134.75
136.0
137.95
139.6
139.65
140.45
143.3
152.85
151.6
148.85
146.2
149.3
148.5
146.8
144.6
148.45
151.8
150.35
152.7
155.55
156.3
156.0
157.85
150.5
148.15
150.85
153.0
150.2
150.95
151.05
150.95
149.5
146.8
147.15
148.65
151.2
156.25
154.55
157.55
158.45
152.8
150.85
154.6
152.25
155.9
154.2
154.55
157.9
160.1
159.15
164.05
166.7
166.45
158.3
157.6
158.6
160.0
156.45
153.45
151.7
152.65
154.65
151.6
155.0
153.5
148.65
150.2
150.6
154.35
151.9
155.15
154.7
155.2
156.55
153.45
153.9
156.9
147.6
148.85
148.7
150.35
148.7
149.6
149.4
148.3
147.6
148.6
147.35
145.5
143.0
137.8
135.25
133.95
137.65
131.5
135.35
135.95
137.35
139.75
140.15
140.1
139.9
139.6
137.4
137.45
136.65
136.7
139.3
137.05
136.25
144.9
154.1
155.2
155.4
157.55
155.05
152.85
152.45
159.15
152.25
155.7
155.2
157.9
156.5
166.35
165.85
165.6
162.85
163.5
167.3
162.9
165.2
164.2
163.55
159.4
158.0
157.4
154.8
154.45
155.9
156.0
162.85
163.5
160.7
161.9
160.4
160.15
160.4
161.45
159.05
160.6
159.9
159.95
158.3
158.85
158.35
158.3
165.75
165.85
162.5
161.5
164.65
160.35
159.5
159.55
159.25
163.35
165.75
172.15
174.5
173.75
180.2
185.65
193.35
199.25
196.6
189.55
183.1
181.0
183.6
183.8
182.95
183.35
174.1
170.55
178.35
177.35
173.25
176.75
