435.6
451.8
444.25
412.1
408.05
437.3
454.9
452.45
476.8
512.7
520.25
542.8
522.05
524.75
520.45
522.1
520.05
531.1
538.5
563.3
568.8
601.6
594.2
589.2
577.45
595.5
575.35
559.75
611.7
616.75
619.3
616.75
618.8
613.95
639.95
621.45
635.55
632.5
655.95
672.9
684.05
691.45
723.65
722.6
718.4
695.6
726.15
712.95
701.2
717.1
725.05
724.2
716.15
714.2
720.9
753.0
779.45
761.7
762.05
760.0
778.85
763.9
785.7
782.95
827.5
835.15
912.55
950.35
998.65
989.15
975.15
975.9
949.7
836.55
850.95
886.8
903.8
914.2
991.6
942.65
989.0
870.25
870.25
852.95
937.75
991.65
998.3
960.3
979.05
988.95
935.05
881.15
820.05
835.7
844.0
916.25
896.45
888.5
899.25
965.35
977.5
927.25
937.65
929.65
908.05
896.1
912.6
912.15
920.95
913.7
906.2
894.05
901.4
895.7
885.4
909.1
900.4
891.05
909.5
932.55
934.65
958.65
936.65
945.05
950.35
938.8
918.3
903.7
918.5
920.6
912.9
910.5
920.85
907.25
920.15
917.85
946.8
948.35
925.75
942.4
939.95
949.95
951.0
962.45
964.8
1019.75
1001.1
987.9
986.5
980.8
992.75
997.85
988.45
989.7
997.35
1000.8
1008.25
1007.1
1096.7
1087.6
1096.75
1053.85
1056.3
1058.75
1058.1
1063.3
1060.35
1100.6
1108.6
1071.25
1067.7
1096.7
1068.55
1092.6
1086.95
1113.8
1111.35
1100.6
1099.7
1051.9
1069.65
1010.3
1019.6
1055.95
1038.15
1037.7
1058.4
1095.4
1125.65
1193.6
1181.35
1194.3
1217.3
1097.75
1141.9
1109.8
1004.75
962.35
981.9
930.65
933.8
935.05
886.85
895.25
852.55
833.45
848.8
829.35
834.95
900.9
921.55
942.75
938.35
918.45
923.55
911.95
914.55
975.8
952.95
950.6
939.6
939.55
929.05
934.0
920.2
910.4
909.05
961.1
971.5
986.45
1024.35
989.3
1011.25
982.95
980.1
1008.25
999.55
1003.95
1058.5
1068.25
1041.65
1038.4
1033.55
1050.25
1048.65
1050.25
1049.0
1068.3
1064.55
948.45
981.6
982.8
965.45
967.05
957.7
967.2
966.25
924.55
918.5
929.3
913.45
907.3
899.55
898.1
910.25
914.45
934.95
934.0
941.7
942.1
923.65
906.55
882.35
917.65
927.45
928.25
918.15
913.65
900.8
909.9
907.55
911.65
937.8
958.85
948.2
941.45
925.35
938.35
938.0
938.2
966.95
978.35
1001.2
985.3
971.9
973.7
989.65
984.95
985.8
948.4
910.45
867.5
873.15
904.5
882.55
888.75
883.4
869.2
865.15
879.6
898.8
878.0
879.5
877.5
873.45
885.45
875.05
876.05
859.55
867.4
878.45
890.65
889.75
897.65
908.8
935.5
794.4
850.2
857.25
855.8
833.5
813.05
817.6
799.15
804.5
806.9
817.75
811.45
804.4
781.15
779.15
763.0
772.7
742.2
745.5
784.4
809.3
787.55
770.85
766.0
760.05
718.05
726.15
730.4
716.25
738.15
718.9
706.75
707.45
695.6
727.95
750.8
758.4
776.1
779.95
773.65
776.9
820.0
798.35
791.35
824.05
830.7
818.1
798.15
759.9
759.6
784.9
793.0
784.2
799.8
150.05
142.45
140.9
141.45
147.3
141.4
144.95
144.9
136.8
142.65
155.35
154.95
156.1
154.0
152.85
153.6
156.6
158.9
162.95
164.65
158.65
160.2
160.6
162.7
162.1
160.7
157.2
158.65
155.4
158.35
152.95
154.6
158.0
163.15
163.65
169.75
172.2
166.3
163.35
160.95
163.85
164.0
165.25
170.4
173.55
182.55
179.9
182.75
180.4
175.55
172.55
174.85
179.7
186.55
186.55
179.85
182.8
187.15
189.05
185.8
184.25
181.7
181.65
181.6
169.05
169.85
165.35
164.15
164.25
163.65
165.3
161.85
159.55
164.1
162.45
161.9
159.7
163.4
169.6
170.5
168.65
170.35
175.0
176.8
189.2
189.2
185.65
189.05
189.1
195.45
196.4
202.95
197.95
198.15
197.3
195.85
197.45
199.65
199.5
197.9
195.5
195.95
196.85
197.7
193.6
192.5
188.5
193.75
194.85
192.65
193.0
194.35
194.6
203.25
205.15
204.55
206.05
207.15
201.35
204.2
203.15
203.75
204.0
198.35
193.55
