645.5
631.65
633.0
607.3
597.95
590.5
595.7
597.5
588.45
594.9
601.75
578.2
580.75
590.5
587.85
600.55
603.1
603.05
626.4
617.45
638.85
622.8
610.6
604.85
595.1
596.2
586.65
570.2
590.3
589.55
587.6
587.45
578.9
582.4
589.85
594.25
600.6
609.35
612.4
631.0
652.3
651.6
674.4
664.75
659.75
641.8
635.85
642.3
626.45
623.55
619.1
630.1
618.5
612.8
608.95
608.85
605.95
602.7
603.5
614.7
626.85
614.8
619.25
621.7
623.5
682.55
661.85
672.15
681.0
671.25
671.8
668.9
641.1
619.4
621.95
628.9
643.15
644.35
654.2
659.0
655.2
599.65
603.9
624.65
624.0
627.35
626.3
613.4
603.2
615.5
610.2
609.85
607.95
627.55
621.0
620.0
624.5
626.75
621.8
613.5
614.9
613.45
645.95
649.7
632.25
654.7
653.35
652.6
654.2
674.75
667.3
658.4
652.05
640.05
631.25
623.35
627.35
656.75
650.4
655.0
653.6
652.1
643.6
645.7
641.6
664.25
685.45
655.65
650.85
650.3
650.4
649.6
644.1
660.5
654.9
647.65
638.4
641.9
644.5
648.65
664.3
650.7
646.15
653.3
709.9
690.9
686.0
679.95
665.35
653.1
655.5
654.75
644.35
662.0
653.6
649.8
655.65
641.35
660.35
647.05
646.4
640.95
622.35
626.0
610.95
613.25
599.35
577.05
596.65
581.8
579.45
580.0
565.4
562.4
535.15
527.45
525.05
512.8
501.25
467.8
473.05
456.8
453.75
514.25
509.9
510.2
503.75
496.5
491.85
475.15
461.1
468.35
464.9
460.4
453.55
446.75
443.0
444.2
453.0
438.0
442.7
453.0
453.8
454.55
475.2
487.45
485.55
480.05
478.35
496.4
505.5
548.5
548.95
545.35
550.0
558.8
583.75
572.25
577.8
591.35
600.05
620.1
625.4
639.3
631.7
646.95
645.75
648.65
675.5
660.2
659.65
644.7
669.6
663.95
662.25
672.1
662.55
661.35
655.05
638.1
624.05
624.0
609.7
609.75
612.45
610.05
593.25
583.15
592.7
583.55
578.55
560.55
567.45
564.55
560.95
589.55
588.95
581.4
582.55
589.55
587.55
586.4
592.85
592.3
597.7
595.15
596.25
588.95
582.05
585.55
577.4
612.8
625.15
628.15
625.7
613.5
622.9
612.35
617.25
629.4
631.75
650.2
654.75
647.3
638.15
645.15
637.6
651.0
659.6
661.45
666.25
674.8
701.2
700.45
715.35
704.55
725.25
707.65
714.5
717.6
707.25
706.9
701.65
706.6
707.65
705.9
702.45
701.05
701.65
700.55
713.35
708.75
727.5
724.8
735.3
748.7
766.75
747.95
745.6
757.8
749.15
768.8
792.05
787.95
794.25
792.2
784.6
783.35
780.05
779.3
793.2
800.4
796.05
790.45
785.6
792.0
800.1
793.3
792.5
783.8
800.05
801.95
790.1
793.9
798.4
798.9
801.8
824.95
826.95
828.95
856.15
823.3
875.75
889.15
894.6
894.65
911.65
958.7
968.0
946.85
966.9
945.9
944.2
941.9
925.25
962.8
938.4
937.0
932.5
927.25
945.35
953.8
924.95
905.0
880.1
857.4
901.3
910.25
879.45
879.45
828.25
789.95
774.85
744.65
700.35
664.7
644.9
681.4
661.75
682.7
709.5
735.6
727.15
729.55
732.1
724.2
731.1
733.7
737.9
743.6
742.55
715.1
712.1
688.45
687.05
678.55
662.1
658.55
651.9
651.75
638.95
639.6
679.1
685.8
719.85
738.0
731.4
725.95
729.45
716.55
718.3
706.35
702.85
689.8
682.6
703.2
702.85
717.35
708.85
709.55
719.8
730.3
716.9
735.7
737.85
722.9
740.1
768.9
754.7
801.25
788.2
838.65
840.45
834.85
850.05
841.45
824.05
846.9
860.7
899.45
891.55
884.8
879.15
889.45
886.0
875.85
868.05
865.1
869.8
863.4
861.45
856.05
860.15
884.7
899.6
898.7
891.85
899.45
885.75
887.55
882.25
888.6
899.55
900.8
898.9
909.6
934.95
943.55
938.6
927.8
928.4
934.8
945.05
936.05
936.45
917.7
921.35
928.7
940.1
939.55
963.0
977.8
955.9
968.8
974.75
981.95
989.65
995.45
997.8
999.25
1015.75
1024.5
1053.3
1071.55
1118.75
