389.9
396.35
409.75
398.55
390.45
393.95
400.2
389.8
396.0
401.9
421.0
421.3
420.7
423.65
409.9
434.25
422.95
427.95
422.75
424.3
452.85
450.6
450.75
440.75
439.8
435.45
434.85
430.55
432.15
430.45
420.3
418.9
413.8
442.3
454.45
463.7
477.25
485.15
487.5
489.45
489.65
473.65
479.95
508.95
492.6
490.35
500.55
504.1
507.9
512.1
514.6
510.3
514.8
512.2
518.8
523.75
517.65
521.0
519.6
529.65
520.45
521.45
536.15
542.7
539.85
533.75
528.9
521.15
532.75
523.5
536.85
550.1
526.0
523.0
523.35
536.05
555.7
564.65
553.55
539.25
534.6
525.15
522.7
517.5
525.45
534.35
565.4
549.55
563.85
563.9
563.65
539.7
551.9
540.25
523.5
521.4
524.4
520.0
519.6
519.5
519.2
502.0
497.05
501.15
499.15
499.45
533.5
519.75
528.05
522.0
516.9
522.2
519.35
515.8
512.5
522.8
511.7
512.65
514.2
508.45
505.5
504.15
497.9
499.75
497.0
496.8
488.95
491.5
492.35
505.7
509.9
511.3
500.0
510.6
515.05
520.35
528.1
529.6
536.35
542.75
541.95
558.75
564.6
561.4
552.35
564.8
564.65
562.6
563.95
552.95
549.85
551.5
549.2
547.55
548.0
532.3
543.25
553.2
550.25
543.4
548.75
548.05
552.6
551.55
542.3
533.0
539.3
536.25
550.8
535.45
540.15
542.3
541.3
546.0
545.4
542.55
501.1
486.25
462.5
457.1
468.7
457.8
455.85
476.9
486.15
487.25
482.8
488.5
501.8
485.75
469.6
477.3
476.95
485.8
485.9
477.6
470.75
465.45
479.7
467.75
467.25
466.1
464.1
464.5
464.55
455.05
448.8
447.9
438.85
444.55
449.85
442.8
447.85
454.05
457.85
471.2
479.9
486.9
481.75
474.7
491.3
490.05
504.25
515.2
526.5
529.4
532.0
529.65
544.55
535.35
543.2
534.75
529.9
527.2
526.3
526.95
527.65
525.7
526.0
536.65
532.5
521.2
515.0
517.25
513.4
511.0
519.8
519.5
520.05
537.85
540.0
540.0
534.75
524.1
536.1
537.05
545.2
530.2
539.1
540.95
523.05
515.65
518.1
518.4
527.6
540.05
542.6
536.3
542.5
541.2
539.65
537.35
541.75
540.1
543.1
544.75
538.3
544.6
545.9
544.65
540.05
540.0
545.5
536.1
539.8
545.8
558.45
561.25
559.95
557.3
569.75
568.55
575.2
599.9
600.55
603.35
600.5
605.35
595.9
599.95
590.15
587.85
575.8
573.45
585.5
599.95
614.45
614.9
644.45
676.1
686.55
666.1
665.15
641.75
651.75
682.75
676.6
675.15
674.65
657.75
644.55
655.0
653.5
653.6
649.4
642.0
630.75
632.2
639.85
632.9
637.55
639.25
652.3
652.5
639.5
326.45
324.4
320.85
332.5
328.9
323.0
325.0
313.45
303.3
299.0
297.45
299.95
303.2
309.5
305.75
316.1
307.45
298.45
304.55
306.4
298.7
304.3
305.1
300.85
304.9
305.2
304.85
305.65
305.45
305.25
304.65
305.45
316.1
313.8
314.9
312.05
316.65
314.5
305.8
306.0
302.0
301.7
300.55
300.85
308.8
303.8
296.85
300.1
293.95
293.5
291.8
298.85
303.2
302.25
304.85
297.85
304.15
304.1
302.7
304.5
303.9
304.65
303.25
302.95
303.95
295.25
300.8
299.0
296.9
298.75
294.15
298.2
294.2
294.55
299.2
302.0
303.95
304.1
305.9
301.1
303.1
303.25
317.0
320.0
325.65
325.05
339.55
340.3
345.5
344.4
340.75
342.05
342.15
342.2
346.6
340.85
349.1
350.0
347.4
353.05
353.95
350.85
350.15
370.9
375.75
364.8
371.15
368.05
370.2
373.65
376.15
372.85
369.7
368.55
370.6
368.3
369.0
369.75
369.25
372.55
376.8
368.45
371.05
367.3
368.0
363.35
360.6
357.6
366.05
366.85
364.05
362.0
359.75
360.2
350.55
346.75
346.8
350.85
382.7
389.15
398.0
400.55
408.95
395.4
392.25
394.6
391.8
389.35
386.55
381.35
380.05
382.1
380.25
376.95
391.7
394.1
391.95
390.7
384.4
390.4
401.55
401.8
403.1
402.5
406.0
408.65
407.75
404.35
406.0
407.8
