862.1
856.6
861.4
846.45
846.65
858.35
857.8
850.0
848.85
865.25
854.3
863.9
863.25
861.15
860.2
855.55
845.95
839.65
848.85
850.25
918.35
917.6
898.5
895.55
901.1
892.4
913.6
901.75
899.35
886.1
895.0
882.75
876.4
892.3
904.85
895.95
896.05
895.95
899.55
900.25
905.3
900.05
896.55
929.4
920.8
925.1
928.2
967.5
972.05
947.25
949.75
964.85
962.7
981.2
983.1
968.75
985.65
985.85
988.95
987.45
993.65
975.1
954.85
1005.8
998.75
998.15
1015.35
1019.7
1024.7
1155.5
1187.3
1187.3
1157.0
1128.4
1151.65
1191.8
1166.8
1161.9
1180.1
1143.9
1141.9
1041.6
1115.1
1101.0
1080.45
1110.85
1099.0
1071.85
1065.95
1070.0
1079.45
1061.0
1055.45
1117.6
1110.25
1108.85
1108.35
1097.95
1089.45
1116.55
1118.55
1102.65
1089.75
1100.75
1094.8
1074.3
1095.4
1088.5
1104.0
1078.45
1064.2
1049.65
1064.55
1063.5
1033.95
1050.65
1054.2
1059.3
1062.4
1074.7
1075.55
1062.85
1062.4
1062.5
1060.25
1063.4
1073.7
1077.1
1070.35
1082.85
1059.05
1045.45
1048.6
1014.7
1033.2
1011.7
1007.45
992.15
987.95
995.9
1008.5
1005.4
1009.4
996.5
994.8
991.45
1027.0
1013.15
998.85
994.8
1003.8
993.2
993.55
991.35
990.75
1023.45
1015.7
1011.2
1021.35
1025.15
1036.6
1023.5
1024.85
1029.85
1021.75
1026.15
1022.85
1030.3
1038.8
1023.45
1014.55
1009.65
1005.2
1002.85
985.25
990.0
973.2
982.25
972.2
964.3
947.8
912.15
899.3
911.9
902.4
913.8
918.25
923.6
944.5
898.45
896.9
933.1
967.2
951.2
927.15
930.8
922.0
883.1
904.05
887.2
882.55
887.95
868.25
879.5
879.35
858.9
840.95
833.25
809.25
825.95
837.45
876.6
875.5
865.2
863.4
851.4
847.4
841.85
843.3
847.35
845.9
839.55
849.55
888.15
879.2
877.95
848.95
847.75
841.8
861.75
863.0
838.35
874.65
860.9
866.75
880.15
890.6
906.2
888.1
892.2
876.95
876.3
864.05
881.95
888.55
868.75
885.15
889.05
893.5
853.35
850.75
854.85
864.35
881.6
870.25
865.05
854.15
850.3
850.05
858.8
858.85
864.5
871.7
870.6
861.9
807.65
783.9
788.45
800.0
776.1
789.95
798.95
799.8
800.05
800.0
793.25
796.7
797.9
800.3
800.3
800.25
799.85
800.15
801.2
809.7
813.9
800.7
806.05
810.7
831.25
848.9
843.85
852.5
841.65
824.65
818.05
823.9
816.6
820.4
818.6
817.8
823.2
843.95
855.0
884.5
887.25
893.1
890.5
881.8
885.55
870.6
843.3
850.65
826.3
839.15
856.6
903.45
898.4
896.5
890.45
902.5
901.3
895.35
895.85
895.1
878.35
885.5
902.15
897.55
894.75
900.5
917.2
920.4
922.1
924.0
922.1
926.45
935.6
933.95
928.6
913.8
906.05
921.4
922.15
916.5
900.3
906.75
896.45
893.15
903.3
902.75
887.85
905.5
928.65
929.3
934.65
916.65
910.45
900.8
875.4
869.7
852.2
860.1
844.7
859.8
851.75
851.2
867.2
877.05
850.0
849.05
855.65
852.75
841.25
839.55
828.4
838.7
841.25
821.65
825.05
805.05
786.4
800.35
778.9
790.5
762.5
772.2
762.95
776.1
776.7
764.85
776.0
788.85
772.85
756.15
774.0
777.8
769.0
794.5
794.3
774.9
779.45
784.75
802.8
817.95
806.05
804.4
806.95
801.45
797.75
792.35
798.25
812.05
808.75
818.75
826.15
842.9
808.35
814.85
808.5
805.25
828.15
840.6
847.1
852.5
847.8
840.0
833.2
832.1
826.5
837.8
839.65
838.0
847.15
850.25
838.95
850.2
902.8
891.7
913.95
904.05
906.15
906.0
892.3
873.85
885.55
884.05
891.2
888.75
888.35
904.6
891.2
882.25
892.05
887.9
881.4
875.75
878.5
871.75
864.0
862.35
859.45
855.5
847.1
872.15
886.95
894.1
906.85
899.75
902.65
908.25
924.25
927.2
937.15
932.95
940.4
949.45
961.55
968.75
959.2
966.85
979.25
980.95
986.25
978.35
959.2
938.35
948.95
944.15
969.15
971.15
968.75
1011.65
1017.0
997.0
1001.35
1054.6
1060.65
1031.0
1050.0
1065.85
1063.0
1048.4
1052.25
1066.05
