823.8
841.7
836.55
802.95
795.2
810.45
819.65
800.25
817.2
816.65
833.35
846.35
845.7
851.55
848.2
852.6
854.1
852.95
860.3
855.3
873.95
882.95
847.15
842.6
846.65
834.45
811.7
809.2
819.6
795.1
810.8
794.55
821.55
818.2
825.55
834.7
839.25
833.6
844.5
867.15
869.4
859.6
872.7
875.55
869.75
893.5
899.3
898.95
892.4
893.0
894.95
923.95
924.05
927.15
932.3
935.85
947.45
938.35
956.9
949.8
955.85
938.3
949.85
953.6
973.7
977.7
973.85
952.3
952.65
951.6
946.95
944.4
950.7
914.45
925.3
959.0
951.75
968.2
957.45
932.1
905.25
865.6
878.05
853.5
858.5
847.65
858.05
831.5
824.8
849.4
840.8
820.2
840.35
857.95
866.9
868.7
876.25
883.95
899.1
918.65
913.5
888.05
905.55
926.9
920.9
941.35
942.45
957.6
959.7
952.2
948.35
944.8
940.05
944.6
945.95
949.9
957.8
962.7
962.05
956.7
957.45
959.8
957.95
954.0
924.2
914.5
911.9
913.65
911.85
913.7
907.45
920.95
923.4
893.75
896.95
892.25
912.4
906.25
901.05
914.15
921.85
919.7
919.55
915.55
923.35
935.25
942.65
942.6
946.7
942.95
952.75
944.2
927.85
930.1
916.15
914.35
918.15
932.75
949.05
935.05
950.65
934.7
939.65
945.4
957.6
958.75
968.55
968.95
963.85
934.2
935.25
943.95
925.5
947.05
936.75
913.25
936.4
917.0
921.55
899.1
896.45
873.65
873.4
898.0
907.2
908.25
907.15
928.8
927.1
908.25
905.65
913.2
911.85
882.95
868.35
835.1
811.15
811.95
823.7
834.8
831.55
847.7
841.5
844.6
839.65
821.9
807.75
816.35
830.0
860.8
882.6
895.75
915.9
921.05
934.45
927.25
926.7
921.1
918.4
915.65
912.55
929.0
932.2
928.0
928.05
914.8
928.05
946.7
967.6
961.3
961.3
951.3
955.4
939.6
937.0
960.8
968.95
986.4
988.3
983.85
972.1
981.5
982.35
1021.4
1040.0
1035.0
1048.85
1045.05
1037.8
1042.0
1037.55
1042.2
1054.9
1054.7
1053.75
1066.1
1065.2
1080.8
1084.45
1083.0
1072.1
1070.45
1056.3
1043.65
1096.15
1103.9
1104.1
1100.3
1102.85
1103.75
1121.8
1123.95
1121.75
1109.9
1113.6
1122.0
1109.9
1108.45
1116.75
1123.55
1100.25
1099.2
1103.55
1090.65
1090.9
1103.3
1095.8
1079.8
1084.7
1101.3
1111.6
1123.35
1107.6
1107.1
1105.4
1126.7
1124.45
1125.2
1104.4
1114.1
1126.8
1130.9
1107.15
1118.5
1136.65
1138.85
1156.35
1156.45
1178.3
1168.3
1175.65
1200.55
1192.9
1178.4
1166.3
1184.6
1192.4
1186.25
1158.1
1164.45
1173.8
1158.35
1153.55
1194.6
1188.15
1186.75
1189.2
1182.75
1182.05
1163.55
1155.55
1160.1
1186.2
1184.2
1192.15
1226.95
1217.05
1219.6
1217.65
1195.8
1189.7
1181.15
1169.65
1205.1
1184.3
1185.0
1219.6
1220.8
1201.65
1208.6
1222.05
1197.85
1195.95
1232.9
1224.3
1215.9
1222.15
1220.85
1221.05
1216.35
1218.65
1209.0
1210.75
1211.3
1206.8
1224.3
1216.35
1209.3
1201.9
1179.05
1199.8
1195.0
1214.25
1229.45
1230.9
1219.2
1215.7
1211.0
1199.2
1214.15
1192.35
1093.1
1095.15
1100.35
1101.65
1059.1
1071.55
1064.95
1044.4
1073.35
1050.35
1059.95
1086.65
1080.7
1056.5
1083.75
1082.7
1076.15
1098.3
1112.85
1085.3
1089.8
1071.85
1081.05
1082.7
1084.9
1071.9
1086.25
1060.8
1062.0
1060.5
1063.35
1082.1
1105.65
1107.9
1087.45
1100.6
1100.15
1127.55
1144.05
1159.25
1160.7
1233.8
1219.9
1215.65
1217.5
1214.1
1227.8
1220.35
1220.25
1231.25
1251.55
1265.4
1253.35
1239.7
1252.05
1307.75
1284.0
1303.2
1317.05
1324.25
1319.25
1304.0
1322.5
1339.65
1330.4
1316.45
1319.5
1338.05
1336.45
1331.2
1326.55
1340.75
1319.3
1312.6
1326.2
1306.45
1299.2
1319.7
1330.75
1327.35
1326.3
1335.75
1354.2
1348.35
1376.55
1383.55
1379.6
1390.25
1376.6
1383.9
1389.55
1402.1
1404.25
1398.3
1422.3
1425.15
1403.45
1400.95
1421.65
1412.2
1425.35
1424.5
1437.75
1437.7
1435.25
1431.75
1421.6
1427.6
1435.0
1433.55
1453.2
1464.65
1470.65
1444.95
1445.8
1438.45
1420.25
1408.05
1424.85
1420.9
1431.9
1426.3
1411.75
1416.2
