180.5
171.5
161.9
161.9
154.75
152.35
154.3
157.0
151.0
152.5
157.0
158.85
159.5
159.4
158.4
157.35
158.85
158.9
156.0
155.7
153.8
154.35
154.2
150.05
147.1
147.75
148.4
145.8
144.7
145.15
142.5
142.0
144.5
145.7
146.8
148.25
147.0
149.8
150.35
150.0
151.05
149.75
146.5
148.5
151.45
152.0
147.3
149.8
150.0
152.6
153.2
152.5
154.5
152.25
152.05
153.15
155.5
155.0
152.8
152.6
153.0
150.35
144.5
141.0
144.5
140.0
146.25
149.55
156.0
154.5
155.95
158.25
158.15
158.5
158.0
156.8
159.25
165.0
164.05
160.25
158.0
146.0
146.05
152.0
153.6
158.2
153.95
151.6
148.9
149.75
148.7
147.8
146.0
149.4
147.0
150.8
148.45
148.1
149.5
149.05
147.0
155.0
150.2
153.0
156.9
153.95
153.25
155.0
152.85
153.9
153.7
159.0
155.8
152.8
152.0
150.05
150.8
151.75
152.0
156.7
156.0
161.45
158.9
161.75
162.0
160.95
156.55
151.5
153.8
149.0
147.25
145.0
139.0
143.9
142.25
143.45
145.1
147.7
147.05
148.25
149.7
148.9
148.3
149.0
148.65
148.0
148.6
146.15
144.8
142.5
142.4
140.5
139.7
136.5
140.0
138.9
141.0
143.55
144.0
144.0
145.25
144.9
144.35
143.0
146.0
146.4
146.9
148.05
146.9
146.1
144.7
142.25
141.0
139.55
140.7
140.2
140.4
136.5
138.8
134.8
130.15
129.95
125.6
121.25
126.8
125.4
121.4
118.0
121.25
122.9
120.5
120.1
122.5
124.4
125.3
127.25
126.1
126.9
126.0
129.15
125.75
124.8
128.0
126.7
128.9
126.0
128.9
128.2
129.7
128.0
130.0
132.7
132.0
132.25
130.6
133.4
133.25
132.4
137.0
135.0
135.5
135.5
137.5
135.6
135.8
135.9
135.2
135.5
137.75
139.05
141.5
142.0
131.0
134.85
135.35
134.4
134.9
138.0
134.5
135.0
136.9
137.5
143.6
145.0
148.2
152.0
147.45
147.0
143.95
144.55
140.2
141.4
145.95
146.75
145.0
147.4
148.9
146.6
147.75
147.1
152.2
150.5
154.35
153.0
153.0
157.5
156.05
158.0
160.7
164.0
158.0
160.0
157.8
161.85
162.05
163.5
158.5
155.95
158.6
159.3
159.5
160.5
161.0
162.1
163.0
161.0
159.0
164.5
168.5
167.25
166.55
169.35
175.8
174.4
170.7
177.0
174.7
172.75
179.7
184.45
180.5
181.8
181.0
177.0
177.0
175.3
182.8
180.35
178.25
178.2
176.65
180.1
177.3
176.2
177.0
174.1
175.65
174.0
181.0
176.0
175.0
173.0
174.0
176.75
177.5
178.65
175.1
175.3
176.0
176.5
174.2
181.9
184.0
185.6
185.85
188.95
190.0
191.0
193.95
186.3
185.9
188.0
196.0
194.95
194.15
194.7
196.5
195.7
192.5
192.5
190.0
192.0
183.75
184.0
189.9
190.4
195.5
193.7
194.7
192.5
188.3
191.2
186.0
194.45
198.95
199.85
204.9
202.25
203.5
205.9
192.8
197.6
198.9
200.75
196.8
192.0
192.0
195.95
180.0
192.5
190.5
180.5
176.0
178.0
179.95
178.5
172.5
177.0
173.6
172.2
176.85
175.0
179.2
182.0
177.5
175.6
177.35
177.95
176.8
179.15
179.0
175.0
172.0
170.25
175.2
175.0
175.9
173.75
172.4
171.9
172.5
172.1
178.75
177.8
179.2
181.0
184.45
183.0
182.65
184.45
186.95
186.05
183.4
186.45
184.65
181.0
184.3
183.2
190.05
193.65
193.25
193.2
196.85
196.0
197.55
199.5
196.0
201.1
209.0
211.0
208.6
208.0
209.15
208.1
208.7
218.0
213.1
208.25
211.1
210.0
216.1
215.0
213.2
211.9
208.65
212.05
213.2
212.5
211.65
213.45
213.55
211.4
213.9
217.5
216.15
222.0
223.1
219.35
219.2
218.8
215.8
216.2
215.65
213.65
216.55
221.0
220.65
226.85
230.7
227.45
226.75
225.35
229.3
234.5
226.4
226.95
231.95
225.2
236.0
238.55
234.6
237.15
235.7
230.0
227.55
231.0
231.0
222.3
237.95
244.8
239.05
237.65
247.9
247.0
245.35
