310.75
310.6
321.5
313.3
299.0
305.0
324.0
341.35
339.25
351.2
349.0
346.0
348.2
347.5
349.95
362.7
357.1
367.9
355.0
358.5
356.75
361.0
348.0
338.95
312.0
295.55
306.8
299.95
300.05
306.75
290.0
284.85
280.3
287.95
285.0
337.7
333.0
343.2
341.3
329.0
334.9
325.0
330.8
331.9
339.8
338.6
339.85
346.8
340.0
339.7
338.95
349.4
351.4
348.0
353.9
355.0
349.05
352.0
340.0
344.8
341.0
339.65
347.0
339.35
337.8
333.55
344.1
348.6
344.95
333.0
329.0
336.0
339.0
329.65
330.0
325.1
340.45
327.1
327.8
337.65
325.0
318.4
285.8
280.0
295.0
309.4
300.0
297.25
288.2
300.0
299.4
284.25
297.75
298.0
291.0
291.5
288.0
298.9
291.8
278.0
271.0
288.0
275.1
282.7
289.35
279.65
283.05
281.25
287.0
287.0
292.0
289.0
287.7
288.7
283.45
280.0
276.1
281.0
287.0
280.05
278.0
285.0
276.5
274.25
264.0
264.9
261.1
260.3
263.7
265.2
265.2
263.95
244.45
251.7
258.9
252.15
242.5
252.7
243.65
249.85
245.1
240.25
241.75
243.25
241.0
241.6
238.5
236.0
239.5
235.2
231.0
240.05
234.25
232.35
231.05
230.0
234.0
239.05
234.25
239.65
236.55
241.3
241.15
245.0
248.0
243.95
243.55
243.05
238.15
246.95
240.3
239.05
241.55
235.15
234.05
243.75
234.35
223.0
228.75
223.05
216.05
220.0
221.95
225.0
222.45
224.3
225.05
223.05
232.0
231.0
222.2
225.5
221.05
224.05
224.9
221.9
217.55
220.3
223.95
225.15
221.2
220.55
221.55
225.0
221.15
216.25
209.2
210.95
209.0
208.0
211.0
220.15
226.7
229.4
225.55
229.55
227.35
228.0
226.35
222.5
224.95
223.8
222.9
227.8
224.05
222.1
223.95
223.6
229.7
233.65
240.0
230.65
245.0
252.1
244.7
241.05
267.0
283.0
274.0
276.5
280.0
272.05
266.1
267.5
260.1
263.0
268.15
264.0
267.15
264.2
269.2
268.85
271.0
273.0
277.0
283.7
290.0
298.0
297.9
301.0
306.0
300.0
289.3
280.5
282.6
309.8
374.0
342.5
354.0
360.0
358.9
360.0
375.0
383.2
387.5
383.55
370.6
366.05
376.05
376.75
382.0
377.5
388.5
400.0
385.5
389.0
377.25
377.0
389.95
394.05
397.85
393.05
390.0
394.65
386.5
383.0
380.45
385.9
378.6
376.75
387.85
379.2
378.45
377.65
375.0
370.0
368.25
374.65
376.0
382.6
387.75
391.45
385.2
381.9
377.6
368.65
370.0
377.45
375.95
369.25
372.45
353.3
357.05
356.15
357.1
365.0
359.4
363.25
366.0
364.0
376.0
374.8
375.7
366.1
368.05
370.0
370.0
373.9
372.75
363.85
361.85
360.4
363.0
366.95
370.95
378.5
383.6
413.9
407.0
399.3
393.5
398.95
379.65
375.55
385.5
405.0
453.2
435.0
424.15
431.9
425.0
425.5
428.9
425.95
422.4
425.6
421.05
427.5
418.65
422.55
424.4
432.1
437.2
425.15
423.7
412.75
409.0
399.3
375.0
407.0
400.55
404.65
395.0
382.75
388.8
385.15
382.0
379.9
384.0
394.05
391.55
421.1
428.95
425.0
423.0
420.7
427.1
423.1
427.95
432.25
443.95
455.0
456.5
442.0
440.05
438.75
440.05
442.15
441.15
431.0
444.0
443.95
438.95
443.05
451.9
453.6
450.1
483.0
490.0
482.1
474.9
484.0
484.05
481.8
477.25
478.7
472.3
468.2
468.95
465.3
461.45
484.0
480.7
476.8
482.35
473.0
468.25
472.05
478.15
509.5
509.7
494.0
509.95
491.05
503.0
499.95
482.3
465.05
462.0
468.85
469.55
478.15
467.4
468.6
452.35
452.95
470.7
470.0
467.55
475.0
477.0
470.9
473.55
484.0
472.65
465.45
468.0
463.85
464.7
456.05
466.0
459.65
461.55
467.95
460.05
463.2
476.9
494.4
501.05
516.0
500.0
494.0
488.8
488.0
490.0
480.0
484.85
499.85
506.95
514.4
519.2
515.3
517.05
504.4
502.15
505.0
526.7
521.85
520.0
516.95
522.4
525.7
539.95
531.0
546.8
