60.5
60.45
61.4
61.2
58.85
58.5
59.3
60.5
59.25
60.0
62.0
63.8
66.4
72.6
72.3
71.1
71.3
70.7
68.7
69.6
71.6
73.3
72.1
71.45
68.6
68.5
68.8
67.5
67.0
68.2
66.0
64.8
65.0
64.95
65.1
68.55
68.45
68.75
71.0
69.6
71.6
70.0
83.4
84.45
84.6
82.5
79.55
87.1
85.8
91.8
89.5
100.95
101.35
99.0
99.75
99.75
105.0
103.8
99.2
101.45
99.8
98.8
96.0
99.75
101.35
104.3
102.25
105.85
107.35
105.55
102.5
101.4
100.1
96.45
96.5
82.7
85.5
90.4
87.7
84.5
82.0
76.9
69.0
73.7
74.6
79.3
74.75
76.2
75.9
76.3
80.0
77.15
74.0
77.1
75.65
80.4
80.5
80.1
80.9
81.2
80.6
83.4
80.7
83.3
84.0
83.55
85.75
90.0
89.3
89.7
89.5
91.1
92.9
95.9
96.0
94.85
94.7
95.4
94.0
98.0
99.85
99.15
100.8
93.4
92.35
94.9
94.8
94.0
92.35
93.45
90.55
87.65
80.0
84.0
84.95
85.5
85.1
86.8
87.75
86.75
88.4
91.5
91.35
90.1
89.9
91.3
90.9
94.0
91.7
99.0
108.55
99.55
95.3
90.55
92.65
89.2
92.05
93.05
92.95
94.5
94.05
94.5
92.9
95.75
94.5
97.5
97.0
96.0
96.6
97.4
97.0
97.0
94.0
92.2
91.8
94.55
93.9
87.0
87.9
81.9
76.1
77.7
81.0
80.0
81.9
83.7
84.6
84.2
87.75
84.6
80.5
80.0
78.6
79.9
78.3
79.75
78.25
75.6
74.2
76.55
72.5
71.2
73.5
77.0
76.65
75.8
75.4
76.1
74.6
73.45
77.05
79.5
79.75
80.5
80.8
81.85
80.5
81.9
81.65
80.5
80.9
80.4
80.8
83.35
90.2
89.15
86.0
91.3
93.0
90.05
92.0
90.2
89.5
89.05
88.15
88.85
94.0
92.95
92.0
90.25
89.0
88.65
91.65
90.8
91.95
93.0
89.15
88.1
88.75
87.3
86.5
85.35
88.0
86.9
85.15
88.15
88.0
87.4
87.6
87.0
90.35
88.45
87.8
90.0
85.6
87.25
88.8
87.8
92.0
92.2
93.75
91.8
90.0
92.35
94.0
96.6
96.0
96.5
94.5
89.8
88.0
88.4
87.85
87.5
87.0
85.0
87.0
86.7
89.0
90.15
91.0
94.25
91.0
89.35
90.65
89.1
89.4
90.1
90.15
90.95
89.4
88.75
89.6
88.95
87.8
86.45
91.0
89.0
88.4
87.6
87.85
87.6
87.5
88.9
88.5
88.8
89.95
87.25
86.85
87.6
85.65
84.05
84.75
84.6
87.0
85.45
85.9
86.55
86.9
85.0
84.5
89.25
88.9
89.4
87.4
86.4
86.3
85.6
84.95
84.35
81.95
81.65
74.95
80.55
84.75
84.3
87.75
90.7
89.0
89.0
88.4
97.9
99.9
103.45
103.0
106.85
110.0
110.95
106.25
106.8
106.0
103.4
106.0
101.95
97.8
95.5
94.4
98.95
90.0
101.0
98.6
93.5
95.0
93.1
93.5
94.8
93.2
92.5
94.15
95.0
95.65
95.6
95.9
96.4
94.4
94.1
94.05
94.4
94.6
94.9
98.5
98.3
97.05
95.15
96.05
98.5
97.7
96.55
97.0
95.0
95.0
95.3
96.5
95.2
95.95
95.5
96.4
98.5
98.5
104.5
103.9
103.0
104.7
104.1
103.6
103.6
107.0
108.2
109.45
110.8
107.65
111.6
116.9
122.45
119.5
125.9
125.1
129.65
129.55
132.25
133.75
135.25
133.4
130.7
128.4
129.7
130.1
125.85
129.8
127.5
131.6
134.7
132.0
131.4
128.0
130.2
127.8
127.0
126.65
125.65
125.45
124.7
123.5
125.9
123.9
125.1
124.9
125.0
122.5
120.9
121.9
126.0
128.0
126.4
126.9
125.75
127.25
126.85
132.45
131.6
131.15
131.7
131.25
137.8
140.35
149.4
148.7
141.75
144.85
147.25
145.7
153.85
154.2
154.8
146.25
148.75
155.0
160.5
158.65
155.35
156.9
157.85
155.0
153.8
155.0
