68.7
70.1
71.75
70.2
66.4
66.85
69.6
75.0
72.3
69.3
71.8
70.6
70.8
71.0
71.05
70.0
69.2
69.25
69.0
71.7
70.7
71.55
72.25
68.95
67.6
66.8
67.95
66.2
66.45
68.0
64.95
66.3
65.3
65.2
66.15
69.15
70.1
70.6
71.75
69.6
69.7
69.5
71.1
72.95
76.4
73.9
70.35
74.0
72.0
71.75
71.95
72.0
72.8
74.55
74.8
74.65
75.25
78.5
79.05
81.95
82.2
80.25
81.5
84.0
85.7
84.75
85.6
85.25
88.85
87.6
87.0
87.7
88.1
86.8
89.5
89.2
89.05
92.35
96.85
95.65
93.95
90.9
85.55
86.5
90.0
93.25
92.4
90.3
89.15
87.0
89.0
85.5
82.0
83.8
85.0
88.7
88.35
89.6
88.35
88.8
87.2
89.05
87.95
90.8
91.85
89.3
91.45
93.45
95.3
95.35
94.5
93.75
92.25
92.5
94.3
93.9
95.65
95.3
96.35
95.9
96.5
96.7
95.45
92.45
93.0
90.95
94.0
94.0
90.5
91.8
91.0
85.6
83.0
88.7
90.3
90.5
90.3
90.95
92.3
92.9
93.0
93.65
96.25
94.9
97.0
98.4
95.5
93.5
92.5
91.9
91.0
90.1
89.55
87.2
89.75
85.5
86.5
87.85
88.95
88.5
89.6
89.8
88.85
88.4
88.3
89.45
90.0
89.6
87.85
90.75
93.0
93.25
91.9
92.1
92.0
93.35
93.05
88.0
89.3
85.2
83.4
85.3
85.0
85.0
86.9
87.2
88.5
88.4
89.8
91.8
88.55
88.3
88.05
90.85
88.0
87.8
87.95
84.5
85.0
90.5
87.5
90.9
89.35
91.9
92.35
88.55
88.0
87.4
85.85
88.2
92.5
94.2
94.85
93.85
91.2
97.6
96.05
97.9
97.45
96.0
97.0
96.0
97.5
103.95
103.95
106.55
105.4
108.0
108.95
108.4
111.0
109.0
109.0
107.55
106.35
107.9
110.65
112.5
109.25
109.2
108.5
106.55
105.4
105.3
107.65
107.95
106.0
106.9
106.95
104.8
101.95
102.4
104.75
104.95
104.0
104.2
104.0
102.9
104.05
102.2
102.4
102.5
100.0
100.55
103.6
99.0
105.1
107.3
106.1
110.0
104.15
106.0
106.5
105.65
106.05
105.95
107.6
104.25
105.1
105.0
103.0
100.25
98.0
100.05
102.5
99.9
96.0
96.0
98.55
99.6
99.55
99.1
100.45
96.0
92.0
93.8
95.0
94.3
93.05
91.5
91.9
92.4
93.75
93.85
93.5
98.25
97.0
96.45
94.8
95.2
94.3
96.35
90.9
88.1
87.0
87.0
88.55
89.5
89.95
87.55
87.7
86.9
86.35
86.85
87.85
87.45
87.2
87.85
89.0
87.05
87.8
87.9
88.5
87.7
83.6
83.3
86.0
88.65
87.9
85.25
83.9
82.8
81.7
81.5
84.9
84.0
84.0
83.8
82.45
82.3
81.7
82.5
76.45
79.15
83.25
81.0
82.0
81.2
81.85
80.45
79.45
80.7
82.4
84.4
84.7
86.45
87.4
88.0
87.35
86.6
85.0
90.65
91.5
89.0
89.85
91.95
91.9
89.5
83.55
92.2
88.5
87.35
83.8
79.0
79.3
80.5
76.7
76.2
77.5
76.4
77.85
78.6
80.1
80.0
77.65
75.55
77.7
78.15
77.3
78.0
79.0
79.8
78.0
76.05
78.25
77.9
79.35
77.5
77.85
77.2
77.8
76.5
78.5
77.25
79.9
80.5
81.4
81.5
84.65
84.2
85.85
85.2
85.0
85.5
84.3
84.1
86.0
85.9
86.9
86.7
86.15
86.35
89.0
86.6
91.75
91.75
91.6
93.0
95.0
94.5
95.0
95.3
96.2
95.7
93.35
91.9
92.45
93.5
94.25
93.9
94.8
95.15
92.5
91.0
89.5
91.45
89.7
87.65
88.0
92.0
91.8
90.35
91.05
93.0
90.6
92.0
92.15
90.9
89.2
88.0
87.1
87.5
87.1
86.75
86.8
83.5
83.8
85.0
85.55
84.9
84.3
84.2
82.75
82.9
82.95
83.7
83.0
82.0
81.5
82.2
86.4
87.85
88.5
87.5
87.0
85.9
83.4
82.7
83.3
83.2
83.4
83.05
86.0
86.9
86.0
