246.0
249.75
248.75
248.0
241.25
243.1
245.1
242.75
241.15
238.0
238.5
243.75
238.1
252.55
251.5
253.65
256.0
264.85
263.0
263.45
268.0
270.0
272.75
262.05
251.7
271.7
274.25
268.6
273.75
286.25
281.0
292.65
291.0
296.0
294.05
302.0
297.45
300.0
303.4
298.0
291.0
282.2
293.0
292.1
294.5
293.65
290.0
304.5
299.7
302.95
304.05
301.4
307.7
304.0
310.0
306.0
306.0
312.0
310.15
313.95
327.4
310.55
307.05
316.9
313.0
294.0
302.25
300.9
297.35
303.0
302.2
309.2
312.1
333.0
324.8
328.95
327.0
322.6
318.75
320.75
314.0
304.25
280.0
296.95
300.0
309.95
316.0
313.55
319.85
303.0
330.0
320.5
303.4
304.65
303.0
316.9
308.2
313.7
314.95
311.0
313.05
313.7
308.2
312.85
307.2
304.95
305.3
323.2
319.0
315.05
321.9
316.0
318.25
318.1
318.0
314.0
318.8
314.0
314.0
314.5
315.4
313.0
307.1
307.0
314.0
314.95
310.15
309.2
307.95
307.0
304.1
306.4
291.25
304.45
300.0
309.9
298.0
300.05
300.95
299.6
297.3
300.55
304.8
300.15
301.95
310.0
309.2
317.7
312.05
315.0
311.2
305.2
305.35
301.55
302.05
301.05
305.2
302.5
300.55
301.95
303.0
301.25
300.25
296.05
299.05
302.95
299.0
303.3
314.0
318.0
315.95
308.1
302.0
306.4
310.9
305.85
307.9
296.05
295.55
295.2
281.05
279.9
275.0
279.7
278.0
285.0
293.5
284.5
288.0
284.85
277.05
283.6
288.65
288.5
281.0
280.25
277.2
269.2
266.0
271.55
269.3
271.95
276.0
275.0
271.7
271.25
262.65
261.5
263.45
256.0
264.1
280.0
279.25
277.65
275.55
284.0
286.6
287.65
292.0
284.9
286.0
285.0
282.25
286.0
288.0
286.95
278.65
284.0
284.85
287.8
296.95
301.0
298.95
297.0
298.95
296.6
303.0
306.0
301.2
305.1
308.4
305.0
301.5
302.35
304.85
302.9
302.95
307.0
304.95
299.0
294.05
301.05
303.0
307.0
308.0
321.3
320.5
322.95
326.0
319.25
316.05
310.35
309.65
297.95
296.05
293.7
292.9
292.0
284.55
282.9
323.7
285.6
292.8
286.5
289.85
288.0
288.15
284.0
283.0
293.8
294.95
298.85
296.75
297.1
297.05
297.25
290.0
293.7
295.0
297.2
302.25
304.6
302.3
309.85
305.5
300.0
299.9
296.7
295.6
293.0
297.0
292.5
289.4
289.25
289.65
288.1
290.0
288.8
287.2
289.0
289.1
290.85
287.05
286.05
289.05
287.2
290.0
288.9
285.0
288.0
288.7
286.75
284.7
285.5
284.0
285.0
286.3
292.9
295.0
296.85
297.25
305.0
309.0
309.3
314.95
319.95
318.7
323.0
324.05
324.3
321.65
323.0
327.65
334.25
337.8
349.15
351.0
349.45
342.9
345.25
343.0
348.0
336.3
349.85
360.0
360.0
363.5
369.0
369.0
358.45
355.0
357.05
364.8
360.0
358.0
353.85
358.7
361.0
357.0
354.65
355.1
361.95
362.0
355.0
353.0
358.85
350.7
360.0
345.0
363.05
358.85
353.0
325.1
345.95
346.75
345.25
332.2
338.0
341.0
347.0
340.0
335.7
343.0
348.0
355.0
370.0
370.5
368.2
373.0
376.7
369.6
363.1
376.0
363.0
359.4
362.45
359.95
349.0
344.0
330.9
329.8
328.0
337.6
338.0
329.95
336.1
337.05
336.75
335.7
333.25
332.0
333.3
331.85
332.0
336.0
339.5
341.1
345.05
345.1
345.1
346.0
352.85
351.05
356.95
357.1
351.0
346.1
354.35
349.8
350.15
345.1
350.8
349.1
357.45
360.0
348.75
353.3
356.95
358.8
358.95
357.0
354.5
355.95
377.9
374.05
378.5
374.65
370.0
363.7
367.0
368.1
368.35
374.95
378.0
372.05
370.55
370.85
366.25
349.1
353.8
356.05
355.0
352.3
349.0
354.55
346.1
349.05
352.8
343.7
342.9
350.0
342.8
342.05
363.95
355.0
376.2
402.1
390.0
388.15
395.0
396.5
392.8
397.3
414.95
412.0
401.0
392.2
379.55
380.2
379.9
374.0
374.0
375.05
377.65
367.1
