1010.4
991.0
979.9
974.75
960.0
929.95
947.9
953.9
915.2
921.0
941.95
967.5
983.0
980.0
998.0
1018.0
1014.8
992.8
984.2
997.95
1011.0
1116.0
1138.0
1102.0
1064.0
1080.4
1090.0
1050.0
1051.9
1080.0
1029.8
1028.0
1023.95
1037.15
1052.0
1075.0
1073.4
1134.0
1122.0
1083.05
1128.8
1174.8
1234.0
1232.0
1250.0
1260.0
1230.0
1337.95
1311.0
1300.65
1329.0
1307.0
1308.0
1313.0
1317.7
1308.6
1312.0
1356.8
1301.1
1320.0
1313.0
1299.0
1282.9
1315.0
1322.5
1390.0
1369.7
1388.0
1483.0
1474.0
1469.0
1439.7
1427.7
1383.95
1325.95
1297.5
1320.0
1286.0
1384.0
1346.75
1276.65
1206.1
1095.0
1155.25
1200.0
1213.0
1211.0
1151.0
1132.2
1127.7
1154.7
1120.0
1069.85
1107.7
1072.5
1140.0
1162.35
1156.85
1155.0
1145.9
1136.6
1145.0
1112.0
1128.4
1128.4
1118.25
1134.0
1140.0
1140.0
1194.7
1171.05
1245.8
1230.15
1219.55
1234.75
1227.5
1274.0
1270.0
1310.25
1329.8
1309.0
1306.0
1294.0
1295.95
1305.0
1367.0
1360.4
1332.25
1329.0
1336.0
1329.8
1316.25
1245.0
1289.0
1271.7
1271.5
1239.95
1278.0
1276.5
1248.8
1266.0
1278.0
1261.0
1266.9
1240.0
1254.3
1275.0
1275.95
1227.05
1219.8
1234.5
1218.0
1212.0
1190.05
1202.0
1173.15
1179.9
1179.95
1195.0
1242.0
1245.0
1246.9
1254.0
1233.5
1250.0
1294.75
1281.0
1278.0
1265.75
1265.8
1252.0
1279.0
1344.0
1306.0
1309.0
1309.0
1312.7
1226.15
1233.0
1210.5
1132.0
1122.0
1114.0
1119.0
1140.0
1135.0
1115.0
1144.0
1166.55
1155.0
1138.0
1104.0
1095.2
1136.0
1132.9
1159.0
1151.0
1124.0
1100.0
1140.05
1088.0
1110.0
1095.0
1111.0
1092.5
1070.0
1060.15
1048.6
1057.0
1057.0
1116.2
1110.0
1161.9
1212.0
1177.0
1194.4
1187.95
1185.1
1200.0
1209.9
1210.1
1204.15
1206.15
1229.75
1230.0
1255.8
1276.1
1278.0
1305.0
1295.0
1284.0
1270.65
1233.0
1255.75
1248.0
1295.0
1287.95
1310.0
1384.8
1387.85
1400.0
1357.9
1362.0
1346.05
1360.0
1356.0
1342.0
1360.2
1360.0
1340.0
1345.0
1384.3
1384.95
1424.35
1423.0
1445.0
1369.0
1262.95
1265.5
1251.2
1272.0
1232.0
1210.05
1185.2
1217.0
1235.0
1239.9
1270.0
1311.0
1300.0
1265.0
1295.0
1245.1
1265.2
1260.0
1260.0
1270.0
1250.0
1310.95
1268.55
1284.95
1265.3
1256.0
1279.95
1261.9
1257.0
1221.5
1261.0
1274.8
1283.0
1301.1
1313.0
1327.5
1317.0
1315.0
1330.0
1325.0
1322.0
1352.0
1363.0
1380.0
1348.0
1341.9
1331.7
1353.0
1366.0
1395.0
1402.0
1395.0
1412.0
1429.9
1470.25
1521.0
1499.0
1486.9
1510.0
1546.0
1564.9
1580.9
1571.2
1564.95
1587.95
1570.0
1608.9
1619.5
1619.95
1623.0
1661.0
1681.0
1686.4
1673.9
1680.0
1697.0
1729.9
1716.0
1722.55
1725.0
1735.0
1731.05
1633.0
1629.55
1655.0
1650.0
1630.0
1635.0
1626.0
1630.0
1644.8
1779.0
1791.2
1773.1
1807.0
1752.05
1790.0
1919.0
1876.7
1937.5
1898.8
1910.0
1894.8
1889.0
1877.0
1838.9
1871.2
1870.5
1929.0
1930.35
1881.0
1878.0
1844.0
1810.0
1829.8
1835.7
1795.05
1712.25
1751.0
1729.0
1735.0
1572.6
1750.0
1740.0
1666.0
1640.0
1506.1
1472.0
1426.25
1454.95
1454.0
1457.0
1465.0
1540.0
1539.8
1556.0
1581.4
1575.0
1517.85
1542.0
1533.55
1528.0
1554.5
1533.9
1533.0
1525.55
1505.2
1522.6
1514.0
1510.55
1492.0
1472.0
1487.0
1490.0
1460.0
1516.0
1502.0
1529.0
1550.0
1559.85
1553.2
1549.45
1588.0
1565.3
1572.25
1581.0
1660.0
1637.85
1620.3
1639.85
1656.9
1656.15
1670.0
1643.75
1654.95
1668.2
1710.0
1706.0
1691.0
1728.95
1700.35
1702.4
1706.0
1738.5
1766.0
1760.65
1744.0
1715.0
1603.0
1583.85
1535.0
1550.0
1592.0
1600.0
1606.9
1575.0
1548.5
1559.0
1556.95
1555.05
1567.7
1574.7
1580.0
1588.85
1565.1
1576.0
1589.9
1568.0
1574.1
1630.0
1620.1
1627.7
1597.0
1584.95
1590.75
1602.7
1601.9
1600.0
1602.45
1605.85
1631.9
1670.0
1655.0
1650.0
1642.0
1635.0
1642.0
1650.0
1706.35
1714.0
1662.45
1680.0
1712.0
1705.0
1719.7
1735.0
1750.0
1800.1
1780.9
1779.9
1772.1
1767.4
1759.15
1750.0
1769.2
1797.95
1785.0
1767.0
