388.4
387.0
394.0
411.0
394.0
408.95
404.5
398.0
385.2
394.0
403.8
416.0
416.0
420.0
423.0
411.0
424.9
416.0
423.0
418.0
421.25
452.85
449.0
446.1
440.0
435.0
431.0
441.75
426.1
432.15
426.15
416.1
412.05
410.0
448.0
459.15
456.0
482.0
482.15
472.55
488.15
480.0
473.7
489.4
510.0
492.0
485.0
510.0
510.0
510.0
519.95
514.85
520.4
515.2
515.45
518.55
523.25
517.7
515.0
522.0
526.0
523.1
516.0
535.05
547.0
542.9
532.15
533.8
524.95
535.0
535.0
551.0
550.25
535.0
525.1
521.9
532.95
561.75
566.8
569.0
540.0
531.0
517.05
515.15
512.55
535.0
590.0
560.65
557.0
564.95
564.9
569.95
533.15
577.95
547.0
535.0
537.8
532.95
539.0
528.0
523.85
529.8
509.9
497.95
509.8
495.0
500.0
540.0
526.55
539.75
533.25
536.0
527.95
544.0
519.0
513.15
536.8
519.4
523.05
512.35
503.0
516.5
519.95
508.95
514.2
500.55
494.5
483.0
497.95
501.45
505.0
517.75
505.15
508.95
519.0
519.0
523.0
532.9
534.45
545.3
549.6
559.9
561.45
571.9
571.75
552.0
564.75
574.65
561.95
562.8
569.95
549.15
562.5
555.0
543.35
549.8
548.65
549.5
575.0
535.0
549.85
545.0
559.7
564.35
543.2
546.95
533.0
541.9
539.85
545.0
543.8
540.0
551.0
550.5
551.9
554.7
550.0
495.0
490.0
459.9
450.5
466.25
475.0
461.85
475.0
482.0
489.9
478.0
500.0
500.0
480.0
490.0
480.0
490.0
489.15
481.0
484.95
460.0
505.0
503.0
467.0
487.0
464.05
465.0
472.0
456.1
476.0
450.0
449.95
435.0
470.0
460.0
458.0
450.0
462.8
460.0
484.0
475.0
494.0
477.0
479.0
494.0
485.0
518.8
501.0
529.9
535.0
522.2
529.65
549.95
539.95
543.0
531.1
546.0
531.05
526.3
522.0
521.25
535.0
532.9
544.4
527.0
530.0
512.4
518.95
529.7
531.3
513.0
509.15
505.0
545.85
539.95
543.2
535.0
554.4
546.95
549.9
540.0
549.9
539.95
544.95
525.05
515.0
519.05
517.1
532.0
545.0
555.0
540.0
539.95
536.55
547.95
550.0
554.9
535.5
542.95
536.0
531.0
544.0
541.05
550.0
536.95
535.0
538.05
546.95
546.8
534.25
557.95
561.05
560.0
551.05
569.95
568.55
627.0
606.0
605.0
608.0
606.3
605.0
599.9
614.9
591.0
580.6
580.0
580.0
580.0
600.05
616.1
616.0
647.8
682.8
700.0
670.1
665.0
650.0
657.8
695.05
685.0
678.05
670.05
669.0
645.0
645.0
641.05
655.0
650.0
643.5
635.0
653.95
659.0
637.9
635.8
648.35
657.9
659.0
334.8
329.5
333.0
323.9
340.0
316.95
323.1
323.0
310.1
304.0
297.1
304.0
298.0
314.95
309.5
304.15
321.9
301.35
300.0
308.0
303.0
295.05
303.5
306.0
305.0
309.8
311.75
311.0
308.5
305.1
306.0
302.5
331.0
308.0
319.95
317.7
317.7
317.1
313.5
311.9
305.0
308.0
301.7
287.0
303.0
308.6
300.5
297.0
305.0
295.8
321.9
296.3
300.0
300.05
303.0
309.0
308.0
308.0
308.0
308.0
308.0
307.8
304.0
308.0
302.0
305.0
300.0
304.45
304.0
296.0
305.0
294.95
300.0
297.95
293.95
308.0
302.5
305.05
303.5
307.0
304.0
304.7
304.7
319.15
323.65
327.7
328.0
339.95
339.2
347.2
351.0
344.35
345.35
342.65
340.25
347.45
343.9
351.95
345.55
349.65
354.95
351.0
351.25
350.0
370.0
372.05
371.9
374.35
370.95
379.9
368.3
378.6
371.95
368.55
368.55
369.0
368.0
373.9
374.9
370.5
374.55
368.9
367.95
369.95
365.55
370.9
363.3
358.5
363.75
364.0
362.0
365.0
363.0
361.0
357.45
351.0
351.7
349.0
353.15
389.0
394.65
397.0
402.0
408.65
397.0
390.1
394.6
390.0
385.3
386.0
379.0
382.3
380.15
380.65
377.8
399.95
397.95
390.5
390.05
388.1
390.0
403.15
404.85
400.0
406.0
401.5
409.85
407.75
407.05
407.5
