1259.5
1158.05
1159.25
1162.85
1115.0
1123.25
1164.05
1199.85
1152.05
1148.4
1172.5
1161.05
1168.85
1162.0
1190.0
1180.85
1190.0
1156.05
1189.0
1155.65
1152.05
1168.85
1189.45
1191.95
1150.75
1149.65
1185.0
1155.65
1140.0
1128.05
1110.0
1118.0
1122.35
1132.0
1146.7
1170.05
1160.0
1161.55
1169.45
1179.5
1162.95
1174.0
1150.1
1174.8
1227.95
1203.0
1200.0
1237.9
1160.0
1218.0
1202.05
1206.7
1229.75
1204.75
1240.0
1214.65
1228.55
1230.15
1204.05
1225.0
1285.0
1211.0
1230.0
1250.25
1238.7
1239.0
1268.0
1252.15
1249.0
1335.65
1316.85
1414.0
1406.2
1362.0
1341.1
1314.05
1321.65
1353.75
1364.05
1495.0
1425.0
1335.05
1267.25
1247.35
1289.95
1313.95
1325.95
1339.0
1347.5
1321.5
1354.05
1315.95
1276.0
1329.35
1285.25
1348.0
1402.95
1404.0
1400.0
1409.95
1463.0
1524.85
1436.0
1420.0
1462.5
1489.9
1516.9
1569.7
1616.0
1576.0
1592.0
1595.5
1590.05
1580.85
1576.05
1602.35
1600.05
1590.05
1585.45
1579.25
1583.9
1593.55
1588.05
1579.35
1574.45
1572.0
1579.0
1680.8
1686.9
1767.0
1740.0
1730.0
1705.0
1739.6
1699.95
1690.0
1659.0
1650.1
1685.8
1664.35
1661.4
1675.0
1648.05
1659.9
1675.45
1687.05
1697.9
1669.0
1630.05
1679.9
1652.7
1627.15
1594.05
1584.0
1566.0
1555.05
1555.0
1606.95
1607.0
1635.0
1606.0
1629.0
1624.95
1616.3
1644.0
1617.05
1618.0
1605.05
1625.0
1670.0
1710.0
1698.0
1670.05
1638.65
1580.15
1595.05
1588.0
1532.3
1530.0
1495.0
1425.1
1451.0
1419.95
1412.0
1455.0
1465.0
1460.45
1455.05
1455.05
1463.25
1462.2
1477.0
1476.75
1490.0
1455.0
1485.0
1470.0
1411.0
1348.0
1400.6
1330.0
1350.1
1385.0
1395.0
1398.1
1390.0
1355.0
1400.0
1361.1
1395.0
1385.0
1435.0
1469.0
1439.0
1440.3
1440.0
1410.0
1474.8
1499.0
1475.0
1505.5
1490.05
1532.0
1515.0
1525.0
1515.0
1464.0
1481.65
1496.0
1530.0
1528.95
1526.05
1595.0
1650.0
1690.0
1695.0
1681.0
1709.0
1751.9
1782.0
1799.0
1774.95
1751.7
1773.95
1786.05
1840.0
1831.05
1775.0
1749.85
1825.0
1796.0
1875.0
1902.5
1944.0
1939.9
1995.0
2032.9
1960.0
1890.0
1836.0
1929.0
1881.1
1895.0
1887.95
1875.0
1875.05
1889.95
1899.9
1903.95
1880.0
1874.0
1902.0
1838.0
1881.0
1881.0
1871.2
1891.0
1886.95
1860.2
1867.0
1870.05
1887.75
1890.05
1892.0
1889.75
1883.3
1854.0
1850.0
1925.0
1890.0
1952.0
2070.0
2042.55
2023.95
2014.75
2045.5
2021.0
2031.0
2051.0
2034.0
2122.0
2105.35
2101.0
2130.2
2155.35
2145.0
2118.0
2108.0
2000.0
1960.0
1963.0
1930.0
1939.85
1952.0
1933.0
1924.65
1965.0
1938.3
1926.8
1909.0
1919.95
1971.0
1967.5
1995.0
2107.9
2125.0
2149.3
2188.0
2145.0
2137.95
2124.05
2149.95
2200.05
2230.05
2188.0
2199.45
2224.0
2171.2
2141.6
2117.0
2075.0
2137.0
2189.0
2190.0
2165.0
2179.0
2196.2
2219.95
2275.0
2250.0
2332.0
2309.95
2245.0
2270.0
2350.0
2418.0
2475.0
2384.0
2353.2
2489.0
2378.25
2399.0
2365.0
2410.0
2450.05
2450.0
2444.9
2357.3
2382.45
2354.95
2304.25
2359.0
2350.45
2295.0
2242.05
2232.5
2190.0
2218.45
1880.0
2275.5
2208.45
2160.5
2036.0
2049.0
2053.35
2091.95
2026.6
2052.0
2051.35
2001.0
2034.0
2130.0
2192.0
2238.45
2160.0
2125.0
2105.15
2118.0
2170.0
2171.0
2175.0
2133.0
2110.1
2085.05
2093.05
2085.05
2072.0
2070.15
2043.05
2024.1
2000.05
1969.05
2008.05
2054.75
2074.95
2074.95
2051.0
2054.0
2054.75
2065.95
2085.0
2075.2
2081.15
2118.05
2178.0
2150.0
2179.25
2195.0
2258.35
2210.0
2118.1
2143.95
2150.15
2183.05
2241.0
2284.0
2255.0
2292.3
2308.95
2351.2
2401.7
2375.1
2354.65
2348.1
2337.85
2291.0
2279.1
2220.0
2235.1
2244.95
2242.95
2231.45
2223.0
2263.0
2234.95
2230.0
2253.7
2200.05
2225.0
2189.9
2155.6
2156.25
2180.05
2185.5
2168.05
2202.35
2221.35
2220.15
2241.4
2203.0
2250.3
2250.0
2270.0
2285.2
2296.5
2351.0
2399.0
2385.1
2359.3
2360.0
2418.95
2418.95
2469.0
2488.05
2490.05
2493.0
2462.0
2439.0
2421.7
2421.3
2503.2
2526.0
2540.0
2475.7
2420.0
2440.0
2440.0
2381.95
2399.0
2443.0
2450.0
2466.1
2521.0
2520.0
2480.05
