247.0
250.0
242.8
247.0
242.0
242.3
244.9
243.0
239.95
233.0
235.0
238.95
240.85
238.95
237.45
237.6
235.25
236.05
234.5
237.0
233.3
236.0
234.7
231.5
229.0
228.9
232.75
226.0
225.8
226.95
219.0
219.2
217.45
228.2
235.65
253.35
244.9
241.9
246.0
244.45
251.0
250.0
263.0
260.0
259.2
266.5
259.15
259.85
258.9
253.9
257.3
253.8
250.0
246.8
246.7
242.95
241.6
240.0
233.1
238.1
233.7
244.4
235.75
237.1
241.05
247.0
244.9
245.5
244.9
247.7
257.65
264.9
256.4
252.0
250.0
249.0
250.0
255.95
253.05
250.95
243.8
236.0
230.0
245.05
244.5
246.0
248.0
238.9
233.25
245.9
249.8
249.0
235.85
242.0
237.7
243.0
238.0
242.6
242.0
239.9
256.7
265.0
255.4
252.3
263.9
257.0
272.0
268.85
264.7
268.0
271.9
267.6
266.0
270.0
266.0
263.35
263.05
267.05
269.25
260.0
256.0
254.35
259.8
257.1
256.0
252.0
255.0
257.0
262.8
259.65
257.75
254.0
249.8
250.0
241.5
251.0
248.0
244.95
244.05
242.95
263.0
257.6
253.0
252.9
251.7
254.0
256.0
262.4
260.3
262.05
262.0
259.0
261.0
257.0
257.25
256.0
260.5
259.0
260.05
257.1
262.9
259.0
264.2
271.05
274.95
273.3
274.5
276.1
274.0
270.0
266.0
271.0
263.25
266.0
261.0
256.5
244.0
241.8
253.7
240.7
234.4
232.0
238.7
236.0
243.45
264.5
260.0
257.0
261.1
252.55
249.0
249.0
248.2
255.0
248.05
249.0
248.0
237.9
251.25
249.8
238.7
242.8
237.0
243.1
242.5
243.15
239.9
237.0
235.65
229.35
237.85
235.5
235.4
237.0
235.0
234.9
234.4
233.25
241.9
233.1
237.9
235.0
234.5
241.4
239.95
240.65
238.0
240.9
242.25
240.65
248.0
248.8
251.7
250.35
250.0
266.0
257.0
258.9
256.05
263.0
260.0
255.05
253.9
248.95
265.6
260.0
259.85
255.3
256.0
253.25
253.1
252.0
249.0
250.0
251.9
252.05
252.0
253.95
260.0
259.3
260.0
258.0
259.5
271.7
274.0
270.4
270.9
274.1
284.8
282.05
282.0
279.9
281.0
285.0
284.95
283.05
285.0
276.8
278.0
277.1
275.5
272.8
271.05
277.85
279.95
271.05
270.0
270.0
270.8
282.5
290.3
289.45
288.8
289.0
286.5
287.9
293.5
297.8
292.0
287.25
295.0
301.5
304.0
295.0
295.0
291.05
292.8
291.8
291.5
294.5
294.0
295.6
286.15
291.0
294.0
296.95
300.0
302.0
305.0
307.4
305.0
311.75
307.6
310.75
308.95
310.8
310.0
315.5
314.0
315.0
342.75
336.5
336.0
331.45
338.7
335.0
341.0
335.0
329.3
313.0
314.0
313.95
319.0
325.6
322.0
319.0
321.0
320.5
320.7
335.0
333.0
332.0
323.55
329.95
333.5
341.75
351.35
356.35
362.0
362.0
359.5
351.0
343.75
349.0
342.0
340.3
340.0
338.05
331.6
328.45
340.0
337.35
333.9
330.0
328.0
320.5
319.0
323.6
305.0
314.55
314.0
301.7
283.6
293.95
292.6
295.0
290.9
295.0
303.95
301.05
304.5
317.45
312.15
315.85
306.15
304.0
306.3
308.7
310.7
317.1
312.95
314.0
315.1
321.0
317.9
324.3
318.9
314.25
313.9
307.1
310.95
303.0
310.0
319.0
322.65
329.4
329.8
327.95
329.5
328.35
328.5
327.8
336.0
337.0
339.5
329.6
333.5
341.8
335.5
341.1
337.5
333.5
338.9
334.75
338.7
337.5
338.0
358.0
350.0
355.15
354.1
359.05
363.8
362.25
368.1
367.95
364.5
384.1
385.8
378.5
371.3
371.4
370.2
374.9
371.1
370.15
374.5
374.0
374.9
370.0
363.0
365.85
375.0
380.0
373.5
368.3
368.7
372.45
378.8
378.85
373.65
372.75
374.8
375.0
371.0
401.2
404.5
396.0
400.0
394.9
388.95
380.75
385.0
386.85
380.9
377.1
387.9
392.9
387.9
389.9
393.0
390.0
395.0
390.0
401.0
399.95
395.0
403.0
418.0
423.0
413.0
413.7
426.0
422.0
418.0
