953.9
1009.7
988.0
984.9
941.2
930.0
930.0
962.0
943.0
939.0
932.1
929.95
926.05
949.0
934.05
935.25
935.0
942.0
926.0
929.9
926.95
930.0
930.05
931.6
911.15
889.0
891.65
867.95
878.0
893.95
881.0
876.8
895.0
888.0
900.0
894.9
912.0
939.95
915.25
919.55
920.1
895.7
902.0
893.0
916.0
892.4
875.0
869.0
909.0
904.95
916.2
902.4
913.0
923.95
929.45
926.0
939.7
939.75
944.0
926.35
938.8
929.0
922.1
920.8
926.0
935.0
966.9
981.0
985.95
999.8
1010.0
1015.0
985.0
990.05
980.25
980.05
990.9
972.45
965.25
968.0
950.0
935.0
865.1
874.95
878.05
921.0
920.0
894.0
878.0
895.0
911.0
900.0
900.0
919.1
901.75
906.0
914.1
904.0
906.0
905.05
892.2
906.1
900.05
913.0
906.0
902.45
901.25
908.1
905.05
917.85
917.55
905.0
928.0
908.75
910.0
902.05
929.0
948.0
949.0
941.0
922.2
932.0
916.0
916.0
913.0
900.0
904.0
916.15
899.95
890.3
897.0
883.15
864.0
893.95
900.0
887.0
883.0
880.05
905.0
899.0
893.1
944.9
919.35
915.0
920.0
918.0
932.65
912.0
912.1
928.45
925.0
921.0
926.0
935.1
934.9
920.0
926.05
915.0
933.9
941.0
942.0
930.0
936.9
940.05
944.0
941.15
852.8
941.55
942.05
946.9
932.0
923.05
905.05
916.7
926.0
919.95
919.0
895.05
903.95
895.0
862.0
867.0
895.75
845.25
859.65
883.0
863.45
886.0
922.0
902.05
913.75
919.95
880.2
910.0
890.45
895.0
879.2
870.0
847.0
874.95
832.0
840.0
838.0
844.0
877.9
832.65
827.1
825.0
814.0
831.0
829.95
832.8
837.3
863.0
841.8
838.75
830.05
839.95
846.9
840.0
836.0
843.9
839.95
845.0
851.55
860.0
845.05
866.0
869.8
860.3
889.9
905.0
887.3
885.05
917.95
913.0
935.0
926.0
921.0
936.0
936.1
928.1
919.0
987.0
976.0
960.0
960.0
947.0
930.0
965.0
1067.0
1213.8
1218.9
1190.0
1180.0
1193.1
1200.0
1209.0
1199.0
1190.0
1207.9
1190.05
1192.75
1191.0
1210.0
1216.65
1257.0
1239.0
1222.05
1284.0
1358.0
1390.05
1409.8
1370.05
1333.0
1327.8
1315.5
1300.0
1312.1
1310.0
1318.85
1355.0
1372.0
1370.0
1379.0
1370.0
1320.0
1355.0
1366.0
1363.0
1377.95
1420.0
1406.0
1397.3
1417.0
1405.0
1416.0
1408.7
1424.0
1405.0
1392.0
1409.0
1380.1
1380.0
1384.0
1418.0
1438.0
1497.8
1584.9
1616.25
1612.9
1619.0
1669.9
1736.1
1746.0
1734.9
1719.0
1740.0
1739.0
1727.0
1702.65
1714.9
1708.8
1679.0
1750.5
1768.0
1733.75
1734.0
1743.3
1739.75
1724.0
179.3
190.6
190.0
189.5
186.65
184.75
181.9
188.0
183.65
182.2
184.9
182.5
183.6
190.6
191.55
190.0
188.75
187.0
189.65
188.1
187.8
184.05
185.0
185.95
184.5
182.65
183.8
182.9
181.9
181.0
182.1
186.0
187.25
186.2
188.0
191.0
194.95
215.5
213.9
212.1
211.25
210.75
213.1
208.75
205.95
198.45
205.25
193.0
207.6
202.4
198.5
184.85
179.8
180.3
174.35
172.8
170.3
172.0
171.8
172.75
172.95
171.9
172.05
166.0
170.5
172.75
172.0
173.0
177.0
173.8
170.1
170.5
168.0
169.55
171.95
169.5
163.95
164.05
164.5
164.05
159.8
160.25
155.45
159.8
163.15
163.2
164.8
165.3
165.85
165.75
163.75
165.2
170.1
166.25
163.5
163.45
162.55
171.0
176.5
178.4
182.5
187.0
194.95
195.85
199.0
207.9
204.95
208.0
209.0
214.65
218.0
215.4
216.5
214.4
211.7
209.35
207.05
215.45
212.95
213.75
214.9
213.1
214.3
215.0
232.0
232.75
227.95
237.7
248.2
251.0
248.35
252.7
253.0
183.85
179.0
177.9
174.95
174.35
171.9
170.65
170.65
170.0
168.2
172.15
172.7
175.5
174.4
175.4
176.45
174.7
182.9
184.4
185.0
184.4
182.8
178.05
183.0
186.25
186.0
185.75
189.5
190.2
188.95
190.0
191.3
190.9
189.0
206.05
205.9
210.0
211.4
213.0
209.3
207.5
