642.0
644.4
641.1
644.0
630.0
629.0
632.0
645.8
653.2
653.9
669.0
668.8
670.4
662.2
670.0
664.2
672.0
667.0
660.0
659.8
647.0
609.8
686.0
653.9
639.55
632.0
639.0
644.0
640.0
641.3
650.0
644.0
647.0
660.45
662.0
680.0
689.9
683.0
675.2
693.75
724.95
708.0
706.2
710.0
704.05
704.35
686.0
697.0
690.0
688.0
685.0
693.0
695.0
691.1
703.0
709.0
713.15
711.0
697.9
698.0
697.0
689.0
695.0
702.0
690.0
690.05
676.25
727.7
726.0
718.05
751.1
784.9
767.55
758.7
771.0
776.4
824.7
828.0
817.0
836.0
849.8
826.35
805.0
780.2
775.2
781.0
784.9
790.0
787.5
815.5
795.0
759.0
762.5
751.9
739.0
745.5
758.5
757.9
753.95
743.0
728.0
768.0
745.05
760.0
772.1
758.0
745.0
743.0
740.1
732.0
736.0
714.5
728.0
717.4
726.0
742.0
748.25
746.0
774.3
765.75
755.0
758.0
746.0
762.9
786.2
771.2
778.0
770.0
765.0
755.0
739.5
721.0
690.0
725.0
724.0
725.0
719.0
732.0
747.0
760.0
778.25
766.0
776.0
765.25
754.15
765.0
784.0
776.15
767.3
760.8
782.8
757.0
753.85
768.0
754.0
745.0
755.5
754.25
756.9
744.95
743.25
745.0
743.0
754.0
760.0
747.95
748.0
752.3
741.0
744.0
739.4
715.05
716.0
699.6
671.5
666.55
656.85
638.0
647.9
620.0
618.4
647.7
639.95
637.9
640.0
654.0
652.85
647.0
679.0
650.0
648.0
648.7
622.35
620.1
641.2
614.0
620.0
614.85
589.4
613.7
595.0
615.0
621.5
636.5
635.8
618.0
605.0
588.05
571.0
564.8
575.0
589.05
571.7
576.4
564.9
553.0
553.0
543.45
547.9
536.0
536.1
530.1
563.0
563.05
573.0
596.0
606.0
594.65
590.0
582.15
571.7
570.25
567.9
545.0
529.9
500.0
495.4
483.0
494.0
492.0
494.6
496.05
499.95
494.0
498.0
500.0
495.8
503.0
497.7
495.5
485.95
486.0
477.0
478.0
470.0
469.0
471.6
468.0
455.0
450.0
453.1
446.0
452.5
442.0
449.5
440.0
443.0
437.0
431.5
435.0
424.95
413.7
417.0
407.4
435.0
429.0
445.6
458.0
464.2
465.0
466.95
481.0
484.9
482.45
499.0
482.9
459.0
450.0
476.0
492.0
490.5
490.2
489.0
486.0
477.4
479.0
476.0
475.0
470.05
461.0
469.6
466.05
465.0
475.0
493.7
487.75
490.0
497.0
484.0
491.1
492.4
521.0
511.0
510.1
511.2
521.95
519.0
514.95
508.95
505.0
529.95
530.2
518.75
521.75
517.65
517.0
511.7
514.5
550.5
545.9
555.0
550.0
543.15
541.2
540.0
543.8
573.0
565.4
584.35
579.75
572.5
582.0
578.95
595.0
591.0
591.5
599.5
618.9
596.4
595.0
601.95
608.75
601.0
599.55
603.0
620.35
617.45
610.65
606.85
622.0
619.0
620.55
614.0
612.1
615.1
615.05
626.95
634.0
630.0
626.7
618.1
622.0
620.8
612.0
595.75
577.15
583.4
580.0
550.0
597.0
590.0
575.2
563.0
528.0
535.0
540.0
532.1
545.5
550.0
568.15
576.0
572.0
567.2
585.0
565.4
556.2
558.1
564.7
554.0
540.0
545.7
540.5
540.1
529.0
537.0
550.0
541.25
538.0
539.5
537.2
530.0
525.1
520.05
518.2
533.8
535.0
530.95
533.45
554.1
549.4
541.0
537.05
534.75
555.0
547.0
549.1
540.0
545.0
551.85
555.1
558.45
551.4
556.0
543.15
548.0
544.8
531.15
535.1
533.6
533.95
528.0
529.2
525.55
530.75
523.9
524.5
524.0
516.2
524.0
529.0
554.0
557.8
546.0
545.5
567.9
553.9
555.0
541.65
553.95
554.85
551.0
548.6
551.85
552.0
568.0
559.0
550.0
551.75
545.0
546.0
557.5
574.0
586.9
579.35
590.0
604.95
611.0
618.3
635.6
645.7
637.8
639.7
628.5
630.0
618.0
603.0
612.0
612.5
606.9
597.0
597.0
600.0
600.0
608.3
607.5
607.5
590.1
570.35
549.7
538.0
546.9
550.0
552.95
561.0
553.0
