203.0
201.4
201.4
204.6
198.05
194.25
200.75
203.85
198.95
201.75
204.0
204.75
205.0
204.95
205.0
204.95
199.05
204.0
204.85
203.2
202.3
210.0
200.1
192.85
186.15
189.0
185.2
184.5
185.55
186.05
182.25
179.5
181.15
181.05
179.0
179.6
180.0
183.5
184.0
185.55
185.0
182.0
182.0
182.7
189.1
194.15
197.05
204.0
203.3
197.5
205.85
202.1
206.8
216.35
220.9
223.95
226.95
224.0
223.0
225.05
223.1
232.5
232.85
237.5
238.85
245.0
241.0
265.95
298.0
314.75
295.0
300.0
304.1
298.0
291.1
265.0
241.0
239.0
235.95
244.7
233.15
227.2
211.15
211.0
210.0
218.35
211.1
203.05
198.25
205.2
210.3
204.0
197.0
205.65
202.0
197.5
201.6
202.6
203.15
204.25
206.0
221.95
212.65
223.85
235.8
229.0
232.0
229.75
233.75
239.0
245.95
245.05
240.4
252.0
239.1
240.0
242.0
241.65
241.0
255.4
262.75
257.5
251.55
248.1
256.4
255.0
251.4
239.0
230.5
227.55
230.0
226.15
223.0
234.85
233.65
230.0
232.0
235.0
231.2
225.15
225.1
229.0
224.6
233.9
234.0
239.2
248.0
248.65
249.75
246.0
245.1
249.8
256.25
247.0
248.15
247.0
246.5
250.0
250.3
249.0
247.0
250.6
249.55
246.8
245.2
245.3
248.95
249.1
250.55
251.0
245.0
247.1
246.95
246.05
239.0
240.0
235.6
222.05
227.0
221.75
210.0
216.0
216.0
213.1
240.0
240.05
238.0
237.1
245.0
250.0
240.0
233.1
228.0
234.2
229.95
233.0
228.0
212.15
216.05
226.0
221.0
220.0
222.0
223.0
239.95
226.7
228.05
217.75
214.0
216.85
220.3
228.5
220.55
226.0
227.95
219.8
226.25
227.65
225.0
224.55
219.5
223.35
222.75
215.3
211.3
214.8
206.15
209.65
221.0
209.95
210.05
211.95
204.05
207.4
211.95
208.5
209.0
218.0
220.15
219.05
227.95
223.05
218.0
219.1
220.85
223.0
217.15
222.05
219.05
219.2
208.0
213.15
217.05
215.0
222.95
226.0
236.0
239.95
236.95
231.0
231.05
231.65
233.05
229.15
229.25
230.0
229.35
236.0
260.0
250.15
265.7
263.9
269.0
279.65
274.0
272.0
278.75
277.0
282.85
283.15
282.0
280.8
275.2
279.0
282.0
273.1
273.05
265.0
274.2
281.6
285.1
292.0
288.0
296.0
288.9
287.2
285.25
285.1
283.1
286.6
287.6
285.7
285.05
274.0
288.4
281.65
282.0
292.0
286.0
290.85
287.15
292.4
283.35
281.0
284.0
284.5
283.05
285.0
280.0
278.0
305.0
293.0
283.55
282.0
297.0
282.05
289.0
296.0
297.0
298.0
287.5
287.0
287.0
285.55
282.55
290.0
293.4
288.6
288.6
289.0
283.0
288.0
289.95
299.0
343.4
335.05
333.0
334.25
332.35
335.0
338.0
333.05
313.9
313.25
326.25
333.7
339.25
339.05
333.75
339.95
330.0
338.0
342.45
340.7
365.9
369.55
373.8
373.5
365.05
364.0
363.8
372.0
369.9
374.85
348.0
341.0
330.0
356.6
335.0
354.5
359.0
356.0
362.7
356.0
344.0
346.0
318.0
329.0
334.95
335.0
321.05
339.0
359.0
363.9
356.95
354.0
350.0
364.3
358.4
363.8
356.05
355.2
375.0
367.0
367.35
365.95
370.0
361.05
355.0
352.2
349.05
343.1
356.35
358.0
361.85
367.5
369.5
365.05
375.0
376.35
377.95
391.2
390.55
391.05
392.3
385.25
401.3
395.05
400.1
395.1
400.0
397.95
387.1
390.1
387.0
383.0
382.0
387.5
394.45
396.0
408.0
391.5
377.35
380.0
380.0
368.0
370.0
362.6
369.0
359.2
369.35
368.0
376.1
368.0
368.0
371.0
372.0
374.0
383.2
384.55
383.5
377.0
384.25
385.05
389.45
393.2
400.0
410.0
398.05
393.0
395.5
396.05
395.0
393.8
393.4
397.5
400.0
426.45
417.8
426.25
421.9
428.65
437.0
454.0
444.9
460.25
470.6
473.8
479.45
476.8
471.0
476.0
478.0
480.1
480.1
483.2
476.7
476.75
486.45
470.0
474.0
475.0
477.2
475.2
472.85
