131.3
131.9
135.8
134.8
128.7
127.1
135.25
135.95
131.9
131.75
137.45
142.0
138.3
139.5
141.5
142.45
140.5
141.35
140.95
143.8
142.95
143.5
143.15
138.0
138.2
134.4
136.0
132.6
136.0
136.75
131.8
132.0
131.75
136.0
141.65
141.5
141.75
144.4
142.0
141.0
149.3
142.0
148.55
148.6
150.6
155.55
153.8
156.85
76.0
75.4
76.7
76.9
78.95
79.0
77.95
77.2
71.0
70.9
69.7
70.9
69.9
69.4
68.65
68.95
69.0
69.0
68.0
68.0
68.0
68.0
67.7
68.3
67.55
67.2
65.45
65.0
67.45
67.95
67.0
67.0
65.9
65.0
62.95
62.35
61.9
62.9
62.25
61.0
59.8
59.9
59.2
58.3
57.5
59.0
58.8
60.2
60.7
61.5
61.0
61.2
63.2
65.9
62.5
63.9
64.7
63.65
64.75
64.5
65.5
65.25
65.5
65.15
65.1
64.5
66.7
64.8
65.0
64.55
64.85
66.0
60.5
58.5
57.35
57.2
56.55
56.35
55.3
54.6
55.1
55.9
55.2
54.9
52.65
54.0
54.9
54.45
53.7
57.0
56.85
55.95
57.2
56.6
56.95
57.0
58.0
58.75
58.9
59.05
57.2
56.9
57.1
57.0
57.35
55.35
55.5
54.3
53.75
53.9
54.9
55.35
55.1
56.6
56.45
57.0
56.2
57.1
56.8
56.55
56.25
56.55
55.9
55.9
54.4
52.95
52.75
52.0
48.4
49.05
48.7
48.1
48.25
48.1
48.4
48.45
48.9
47.2
47.4
46.2
46.7
47.4
45.9
46.4
45.15
45.85
45.9
44.45
46.5
44.0
43.5
44.9
44.85
46.1
46.8
48.4
49.35
47.9
45.95
45.35
46.85
46.75
48.2
50.7
49.75
48.55
49.15
49.0
48.4
48.45
48.35
47.65
48.7
50.3
50.0
50.7
50.0
49.7
47.45
47.1
47.05
46.25
47.2
44.95
44.0
44.4
42.8
43.5
43.5
44.55
44.75
45.4
44.4
46.1
47.5
48.25
48.4
48.2
46.65
44.0
46.15
47.0
49.6
48.95
48.6
49.45
48.3
49.15
48.5
49.5
51.45
50.3
50.35
49.85
50.4
49.6
49.95
51.0
53.1
53.0
52.5
52.35
50.85
51.75
52.0
54.45
56.65
57.8
57.8
58.15
57.35
59.1
58.85
58.35
57.0
56.6
56.7
55.8
53.9
54.8
55.9
56.3
56.8
58.4
59.5
60.95
60.25
59.8
61.6
62.5
62.5
61.05
63.0
61.65
59.7
60.05
62.8
61.2
64.9
66.5
64.8
65.25
64.4
64.85
65.2
63.5
62.5
63.5
64.4
63.65
64.2
62.7
63.1
63.95
64.95
64.5
65.5
67.0
66.35
67.2
67.8
66.85
66.7
67.4
68.45
68.75
69.75
70.3
72.25
74.45
73.7
70.5
71.0
72.75
72.0
72.65
74.1
72.35
71.9
73.75
72.35
73.3
72.45
76.6
70.2
73.0
74.9
75.6
74.35
73.35
73.3
72.65
70.75
71.3
70.2
72.2
71.95
73.0
73.8
75.0
81.05
81.75
81.3
82.55
82.6
80.0
79.15
77.45
78.25
77.9
70.0
77.4
81.0
77.7
75.75
73.0
73.8
71.85
68.45
70.1
69.0
68.5
68.85
70.45
70.0
70.7
68.0
68.3
68.55
70.0
69.6
71.2
71.7
70.05
71.3
68.5
69.7
68.45
68.0
68.0
66.8
66.0
65.45
62.85
64.55
65.65
66.5
67.1
66.5
66.35
66.1
67.75
67.85
68.85
70.5
72.8
72.9
72.95
75.0
75.6
77.25
77.0
78.25
78.25
79.7
79.15
78.5
77.5
76.5
79.6
85.45
85.5
84.45
83.2
84.0
84.4
84.85
84.0
83.45
80.95
83.0
83.75
85.85
86.0
84.9
83.55
83.35
88.2
88.15
85.2
85.85
85.45
84.8
84.75
86.25
87.25
85.3
86.6
88.9
87.35
87.0
87.65
87.1
88.35
90.4
90.75
90.95
91.5
90.05
91.55
90.85
91.0
88.7
88.2
90.55
92.0
92.6
92.55
93.0
91.85
92.0
92.9
92.7
93.9
94.8
95.4
94.9
110.0
113.7
112.85
113.5
117.8
118.85
119.15
118.25
116.55
115.35
