270.1
274.0
277.0
271.45
264.0
264.0
263.4
275.3
269.9
274.0
282.0
289.9
289.2
289.5
294.0
293.0
280.2
279.0
277.0
279.8
278.65
278.65
278.8
267.0
259.9
257.0
258.75
255.0
259.0
262.25
254.05
255.0
250.25
256.0
256.45
259.9
260.9
269.4
267.7
261.25
264.1
258.75
259.25
263.1
267.9
267.35
263.2
270.4
269.9
267.0
270.25
272.0
273.6
268.75
269.75
272.4
272.0
267.0
263.7
268.5
268.7
263.2
260.25
260.0
253.6
258.0
270.0
282.5
289.1
285.6
288.5
282.05
285.8
267.45
259.75
261.9
272.0
280.8
283.9
277.65
261.5
254.7
250.0
252.5
251.15
254.5
249.0
244.85
242.65
232.65
231.9
227.1
223.0
233.95
227.35
230.9
231.55
235.2
236.4
240.0
239.55
247.95
235.0
239.45
241.0
236.0
244.85
241.2
238.1
242.7
240.15
242.45
245.5
244.1
244.0
243.7
246.0
249.85
256.65
254.5
254.0
253.0
254.75
250.1
248.0
241.5
238.7
238.0
239.35
239.2
238.0
235.6
236.0
244.9
243.0
241.5
239.5
250.0
247.6
243.05
243.95
243.9
242.5
241.95
243.0
249.65
250.85
250.55
244.15
240.0
242.95
238.1
235.4
236.0
232.9
224.9
227.0
227.75
230.0
229.95
226.9
231.65
230.25
230.85
229.05
228.85
229.0
225.95
225.0
226.95
222.8
217.9
214.0
212.0
206.8
204.85
201.35
197.0
197.8
184.9
182.15
180.65
177.0
179.9
187.9
184.4
184.2
184.2
181.95
173.1
167.8
169.3
163.7
169.45
168.0
165.0
159.5
156.15
159.0
170.75
155.0
161.95
157.9
165.95
165.0
156.0
157.6
155.5
158.2
160.5
172.5
184.0
183.4
186.95
180.0
184.75
180.0
182.45
181.65
185.0
188.0
186.85
193.0
196.8
196.9
195.8
188.5
192.25
197.85
193.7
197.3
193.9
185.0
183.8
181.65
183.85
188.5
191.55
191.45
188.35
190.5
193.6
200.95
195.95
200.9
196.75
191.9
187.6
187.0
183.5
180.25
180.95
186.5
187.6
185.4
187.1
187.95
185.0
178.5
176.9
181.0
173.5
172.3
168.8
171.5
175.1
184.0
200.2
198.8
205.95
197.85
201.0
197.45
200.45
210.15
210.0
209.35
201.5
204.35
209.75
216.0
216.75
208.0
215.0
214.0
213.0
205.9
210.8
216.75
217.9
220.0
220.8
222.35
223.25
223.9
220.15
223.6
225.0
227.0
227.0
232.9
232.4
230.0
230.65
231.65
225.4
223.0
230.0
227.75
230.15
230.0
230.8
229.3
228.5
228.45
227.35
233.95
234.25
236.75
231.5
227.0
245.25
246.45
246.9
255.0
259.8
254.9
254.95
254.9
250.3
245.85
250.15
253.25
251.95
252.0
257.2
262.9
268.0
268.4
257.5
255.0
258.35
257.95
256.0
256.4
254.5
257.9
258.8
253.95
253.15
250.0
255.0
246.85
253.0
255.8
262.0
261.35
257.25
259.35
254.95
251.0
253.75
254.9
258.0
255.7
259.75
259.3
264.0
260.4
258.0
255.9
258.9
257.0
254.1
251.15
246.25
248.0
253.7
235.0
267.0
278.75
275.15
284.0
278.0
278.15
277.15
260.8
259.8
257.8
263.5
253.45
254.25
254.0
259.65
253.95
254.4
258.5
260.35
258.45
260.8
268.9
264.9
266.0
259.9
266.35
263.35
261.85
256.1
254.25
249.75
248.0
244.6
249.25
247.65
247.75
252.5
244.0
245.8
245.0
246.0
246.4
247.7
249.65
252.9
252.0
251.05
257.45
257.1
257.2
258.5
251.0
255.1
255.55
260.3
265.85
261.15
262.0
271.85
273.0
280.0
277.85
278.1
278.8
278.75
277.8
272.0
270.95
277.0
271.15
269.9
270.0
271.9
271.7
270.8
268.9
270.0
273.0
266.25
266.6
270.8
267.8
269.0
274.5
278.4
272.65
278.0
279.45
274.75
274.4
270.3
269.0
269.5
276.0
280.65
283.15
289.0
292.0
294.8
293.3
295.45
291.7
289.8
289.3
294.0
290.25
291.1
291.05
291.55
283.9
287.0
283.25
287.5
287.1
286.45
283.0
290.25
289.4
294.0
301.0
296.1
300.9
297.0
295.9
300.0
298.4
