991.0
994.05
999.05
987.5
968.0
961.5
986.05
990.0
975.85
989.0
994.9
996.0
1006.35
1009.65
1024.0
1024.7
1028.4
1024.45
1023.8
1039.05
1029.95
1048.95
1038.4
1009.0
1008.85
1010.25
1004.25
1005.0
998.0
1017.6
1001.0
1002.0
1000.0
1009.0
1005.9
1024.8
1032.1
1052.0
1054.0
1048.25
1067.0
1044.9
1052.25
1061.35
1065.0
1054.05
1064.05
1078.5
1079.1
1062.7
1069.8
1085.0
1095.5
1093.0
1098.8
1119.4
1115.95
1116.55
1096.4
1112.9
1103.15
1103.9
1094.0
1105.1
1107.0
1115.6
1112.75
1098.1
1092.15
1091.9
1093.95
1095.0
1095.05
1088.4
1077.0
1083.1
1099.05
1091.6
1084.85
1068.0
1064.0
1044.7
1024.7
1017.4
1025.0
1031.05
1021.1
1021.3
1005.1
1002.3
1002.2
1001.0
986.7
1014.5
1003.0
1014.5
1008.85
1017.95
1018.9
1035.0
1037.95
1050.05
1019.2
1047.0
1055.0
1032.0
1068.0
1075.2
1077.2
1107.0
1088.0
1088.1
1095.0
1087.7
1075.55
1068.8
1085.7
1090.0
1100.0
1098.0
1098.9
1099.45
1113.95
1095.55
1105.05
1110.0
1102.0
1095.05
1090.95
1090.05
1078.5
1080.7
1058.0
1060.05
1055.0
1049.4
1048.75
1063.3
1061.7
1055.0
1064.9
1074.0
1065.25
1059.0
1064.85
1079.2
1077.05
1090.0
1072.5
1073.6
1068.2
1061.0
1047.1
1045.0
1060.0
1041.0
1053.0
1063.0
1073.9
1085.0
1071.75
1074.5
1072.6
1076.2
1074.0
1078.95
1080.0
1075.0
1082.4
1084.0
1070.2
1056.65
1060.1
1061.95
1052.05
1063.9
1052.0
1050.15
1048.0
1035.65
1027.2
1025.0
1021.0
1025.7
1039.95
1048.45
1039.0
1035.2
1058.0
1065.0
1044.5
1048.0
1052.8
1055.0
1026.7
1023.9
1010.0
979.0
980.0
981.5
976.9
986.0
988.75
983.0
984.9
960.0
954.0
950.0
961.1
974.95
998.0
1010.75
1015.45
1024.0
1013.0
1024.8
1019.9
1028.0
1027.9
1027.0
1034.95
1022.95
1033.0
1046.5
1053.05
1045.0
1047.5
1058.0
1066.85
1068.8
1065.2
1069.0
1061.0
1064.0
1055.0
1060.3
1069.6
1072.0
1083.5
1091.9
1095.0
1089.5
1100.0
1095.0
1109.85
1124.2
1113.8
1127.75
1121.9
1117.5
1128.0
1132.0
1120.0
1143.5
1134.7
1144.0
1148.0
1145.0
1165.05
1151.0
1140.1
1139.95
1141.95
1138.4
1146.3
1176.1
1183.25
1187.0
1185.9
1182.95
1174.7
1180.1
1176.0
1176.95
1175.8
1162.5
1158.4
1154.75
1155.0
1155.0
1166.55
1167.0
1159.0
1175.0
1166.0
1169.8
1159.85
1162.0
1161.25
1165.0
1171.0
1180.0
1178.2
1172.8
1167.9
1185.1
1186.0
1209.9
1199.8
1201.0
1203.8
1225.0
1229.0
1223.0
1230.7
1233.35
1233.0
1242.4
1241.0
1238.0
1248.0
1249.0
1247.0
1241.1
1246.6
1247.4
1252.9
1252.9
1245.0
1226.8
1231.05
1233.0
1233.4
1238.0
1250.0
1245.05
1251.0
1252.05
1264.0
1260.0
1255.5
1245.1
1269.0
1288.0
1285.5
1290.05
1301.0
1290.0
1290.0
1274.7
1275.0
1272.0
1283.8
1297.0
1292.65
1292.0
1305.0
1306.05
1306.1
1299.0
1299.9
1297.95
1277.1
1281.0
1288.6
1298.0
1287.1
1284.0
1285.0
1279.0
1265.75
1265.5
1243.2
1261.1
1260.25
1256.0
1271.75
1268.0
1243.35
1239.0
1254.5
1263.3
1256.0
1251.1
1245.0
1252.8
1252.0
1251.1
1200.0
1263.75
1274.0
1277.5
1268.0
1238.3
1236.0
1219.5
1206.8
1203.0
1184.0
1169.0
1180.25
1184.7
1185.0
1202.3
1189.0
1187.6
1195.0
1201.85
1187.0
1199.1
1192.0
1180.25
1187.0
1164.2
1176.6
1176.8
1176.0
1184.0
1176.4
1171.0
1178.55
1179.3
1189.9
1185.0
1200.0
1209.45
1200.8
1189.85
1189.0
1190.1
1198.85
1196.2
1217.5
1235.0
1239.0
1233.5
1247.0
1240.9
1244.9
1236.0
1236.0
1250.0
1272.6
1299.0
1292.95
1282.4
1286.2
1305.7
1299.0
1312.3
1316.0
1307.55
1309.4
1298.35
1307.55
1314.0
1312.0
1323.0
1445.0
1361.2
1406.05
1415.0
1403.8
1390.9
1392.9
1396.45
1394.55
1384.5
1376.8
1382.25
1387.9
1381.65
1395.0
1422.1
1410.95
1418.1
1418.55
1426.65
1434.0
1427.7
1434.4
1433.0
1424.0
1418.3
1420.8
1428.0
1453.8
1446.0
1435.25
1431.5
1431.05
1443.0
1434.0
1439.0
1443.0
1440.3
1440.0
1447.0
1453.0
1466.0
1498.1
1535.05
1542.95
1546.1
1559.9
1547.0
1554.25
1539.25
1542.1
1538.0
1534.8
1540.0
1551.0
1545.9
1550.0
