1735.05
1885.95
1872.95
1860.15
1818.05
1897.0
1973.0
1904.95
1851.1
1856.05
1891.65
1901.1
1992.9
1921.05
1950.05
1905.0
1910.0
1902.05
1856.6
1902.0
1924.95
1989.0
1945.0
1914.5
1947.2
1930.0
1880.0
1851.05
1890.0
1851.3
1803.0
1889.95
1860.5
1874.95
1861.0
1845.05
1807.65
1851.0
1872.0
1838.2
1900.0
1820.0
1841.9
1862.0
1924.0
1900.0
1835.0
1894.4
1857.0
1852.0
1890.0
1900.0
1891.0
1855.65
1873.05
1897.15
1870.0
1907.35
1856.25
1884.95
1846.15
1837.05
1846.0
1899.85
1946.1
1901.55
1938.8
1980.0
2001.0
2180.0
2100.0
2196.0
2114.05
2125.0
2044.05
2021.25
2042.1
2033.0
2050.0
2043.0
2042.0
1956.35
1990.0
1900.0
1881.1
1935.05
2019.0
1936.05
1938.0
1931.1
1930.0
1870.0
1850.0
1839.6
1830.0
1876.9
1890.0
1841.05
1885.5
1851.0
1899.0
1856.55
1840.0
1845.0
1821.65
1847.7
1816.0
1939.9
1852.3
1932.7
1936.0
1840.05
1845.05
1879.95
1800.0
1846.95
1830.0
1898.8
1860.0
1895.55
1829.0
1830.6
1825.2
1825.0
1843.9
1828.95
1815.2
1842.65
1822.05
1814.5
1801.15
1820.0
1775.0
1821.95
1820.0
1807.05
1802.1
1821.65
1832.05
1859.7
1911.0
2095.0
1996.0
1978.05
2015.0
2174.0
2185.0
2180.0
2110.0
2090.0
2099.95
2020.0
2037.95
1922.1
2000.0
1985.0
2001.0
2000.0
2027.0
2001.1
2016.2
2042.05
2070.05
2065.05
2055.1
2025.2
2047.0
2057.9
2070.05
2066.0
2051.0
2033.0
2040.0
2026.4
2075.0
2025.65
1975.0
2053.2
2025.0
1950.1
1912.05
1910.0
1898.05
1900.0
1920.25
1933.0
1940.0
1992.0
2083.0
2090.0
1997.7
2060.0
2065.0
2005.0
2023.0
1979.0
2030.0
2045.0
2061.9
2000.0
1970.0
2039.95
1990.0
1988.0
1944.0
1908.0
1925.0
1882.0
1877.55
1821.15
1951.25
2017.3
2001.0
2025.0
1958.0
2010.0
1999.05
2047.0
2036.0
2002.55
2014.1
2000.3
1976.0
2060.0
2090.0
2001.5
2010.0
2040.0
2079.9
2149.95
2066.35
2081.2
2068.0
2081.95
2030.0
2013.45
2021.0
2027.0
2005.0
1991.5
1995.15
2021.4
1980.0
2010.0
1994.0
1975.15
2014.0
2069.0
2010.0
1987.1
1970.0
1953.0
2016.0
1993.9
2048.75
2020.0
2100.0
2096.0
2025.05
2026.0
1991.0
1992.0
1988.0
1984.0
1993.0
1992.0
2007.9
1980.0
1996.0
2038.8
1971.1
2024.0
2019.0
2020.0
2065.0
2119.0
2047.8
2064.0
2069.3
2031.15
2068.0
2050.0
2095.0
2051.5
2045.0
2011.0
1975.0
1996.0
2036.0
2015.35
2082.25
2090.0
2120.0
2145.0
2122.1
2115.0
2129.0
2106.25
2136.0
2138.0
2130.0
2151.95
2139.0
2100.0
2174.8
2113.8
2115.0
2150.0
2159.0
2158.0
2221.45
2270.0
2395.0
2383.0
2370.0
2450.0
2475.0
2459.0
2484.85
2390.0
2400.0
2452.0
2449.0
2431.0
2449.0
2447.35
2400.0
2399.95
2444.0
2436.35
2441.0
2448.65
2400.0
2430.0
2465.0
2777.0
2567.95
2500.2
2588.8
2536.8
2500.0
2498.65
2557.4
2555.2
2479.05
2533.2
2600.0
2667.5
2620.0
2688.8
2633.0
2614.2
2535.0
2622.1
2648.95
2631.55
2633.0
2616.2
2644.95
2613.55
2805.05
2800.0
2870.0
2920.0
3092.5
3294.4
3470.0
3450.0
3400.0
3301.3
3212.3
3520.0
3469.0
3355.05
3419.9
3100.0
2973.0
3048.0
2826.0
2855.1
2900.05
2950.0
2832.5
2765.0
2782.0
2733.55
2730.0
2785.25
2735.05
2802.0
2816.1
2831.1
2886.6
2824.95
2820.85
2709.0
2844.05
2800.2
2838.0
2794.8
2800.0
2764.0
2860.0
2781.15
2806.25
2852.9
2790.0
2844.75
2849.9
2796.6
2824.95
2716.0
2865.0
2775.1
2900.0
2934.0
2996.0
2996.0
2990.0
3029.95
3048.8
2975.0
3000.0
3048.8
3024.7
3000.0
3039.95
3078.95
3025.05
3049.9
3024.95
3069.0
3149.0
3229.9
3138.05
3220.0
3200.0
3191.1
3195.0
3185.05
3240.05
3549.0
3471.0
3579.0
3519.95
3530.0
3500.0
3424.95
3449.0
3364.0
3305.1
3369.0
3300.0
3371.7
3395.0
3400.0
3339.95
3301.1
3367.65
3379.3
3339.35
3300.05
3257.5
3337.0
3339.25
3350.0
3360.05
3399.85
3344.9
3357.05
3342.05
3421.05
3530.0
3435.9
3450.0
3751.0
3683.0
3562.0
3652.0
3665.3
3682.0
3752.7
3800.0
3880.0
3876.0
3925.0
4060.0
4110.15
4140.0
4210.0
4305.0
4400.0
4380.0
4450.0
4380.0
4419.0
4330.0
4097.0
4300.0
4287.4
4225.0
4182.8
4141.05
4126.45
4040.9
