272.95
270.5
271.0
271.75
262.2
262.9
261.65
261.95
242.0
248.0
249.9
250.0
248.9
247.2
249.75
254.0
250.35
252.0
252.0
250.95
251.0
248.1
251.0
242.25
244.0
237.35
239.95
239.0
235.3
235.0
223.0
223.95
226.35
230.0
235.05
234.0
231.95
234.7
238.2
242.0
244.15
245.5
246.25
248.95
254.95
256.05
259.9
262.55
260.85
255.75
260.0
258.9
262.45
260.0
259.8
262.5
261.0
263.5
257.55
258.1
262.0
262.9
256.0
250.45
254.45
253.55
257.85
251.75
254.8
256.65
255.8
261.95
268.9
263.0
259.0
249.2
254.8
251.5
247.5
253.0
251.0
239.85
227.05
235.0
237.0
244.15
241.0
237.0
235.0
248.0
238.0
238.0
230.25
239.4
240.1
242.0
241.0
237.1
230.35
231.8
229.0
236.95
228.0
231.6
235.85
231.1
233.35
233.0
240.0
239.9
232.45
235.65
234.5
236.45
238.5
251.8
256.0
255.0
251.6
250.0
249.0
255.0
250.0
245.2
237.8
242.0
248.0
244.15
252.9
250.0
244.05
249.2
231.65
236.25
245.8
249.65
253.0
259.0
263.95
257.0
262.65
265.5
260.1
262.0
265.0
255.9
255.0
251.1
245.05
249.7
245.3
245.0
242.55
244.25
250.0
248.1
253.05
250.05
264.9
262.3
255.0
255.1
251.55
251.05
250.25
253.5
250.1
248.05
252.0
252.1
250.7
253.9
257.8
257.7
253.0
252.0
249.0
241.0
240.15
243.0
217.35
219.05
211.0
222.0
258.0
230.0
232.0
231.85
232.65
229.45
230.95
231.9
231.0
227.0
225.0
226.0
224.4
220.5
225.0
229.55
226.5
232.35
233.1
236.5
237.95
236.2
237.5
239.1
244.0
247.0
237.05
241.9
240.0
234.0
229.15
232.5
231.05
229.9
234.0
239.55
249.8
243.0
249.45
259.0
266.0
258.85
256.15
267.75
288.3
283.7
287.35
287.75
283.95
283.9
281.75
282.0
285.0
284.3
282.65
281.85
281.1
285.0
282.0
283.8
284.0
280.25
287.9
288.0
288.0
280.0
275.15
274.8
271.55
283.0
282.15
289.95
292.0
286.0
282.15
295.0
288.0
288.9
288.0
288.2
294.0
293.55
310.1
336.8
346.7
356.25
351.25
349.6
345.1
341.95
358.7
367.0
360.0
351.95
349.9
348.95
354.3
366.0
365.0
362.9
353.0
355.0
345.0
348.5
355.9
352.0
355.75
365.8
359.95
369.95
373.25
375.95
379.0
375.0
378.0
378.35
381.4
382.0
378.7
368.1
374.0
387.05
392.6
393.0
395.0
395.95
385.1
398.0
403.7
398.9
386.15
397.9
402.45
398.85
392.0
409.0
407.75
418.0
417.9
435.0
432.6
437.8
437.0
431.0
433.3
427.5
431.0
432.15
440.0
448.5
435.6
427.6
426.0
429.95
434.7
415.6
435.7
435.0
433.85
445.0
431.75
444.6
443.0
440.0
444.65
438.0
440.0
439.0
448.0
447.8
440.5
444.0
442.6
449.0
440.05
438.8
439.9
444.9
436.05
435.1
433.05
431.9
427.4
440.0
439.6
440.0
441.15
445.0
450.0
446.8
434.2
443.5
442.85
433.0
407.9
426.95
444.0
421.7
395.5
399.05
399.8
389.0
381.5
393.9
396.95
395.9
403.5
408.9
407.45
418.0
417.1
410.25
414.9
412.3
407.65
429.5
421.65
428.55
423.9
423.0
422.0
411.15
408.9
413.6
412.35
410.0
404.5
426.0
427.95
420.3
415.9
400.0
404.4
413.0
412.95
419.9
427.5
417.9
416.2
420.0
415.0
409.0
412.5
416.8
419.0
415.15
405.15
414.9
429.0
426.0
434.7
440.95
440.0
446.0
447.0
451.9
467.5
452.75
461.5
463.0
461.75
469.85
455.0
439.0
447.7
444.2
444.9
442.0
442.0
444.9
439.1
444.9
444.9
442.95
440.0
444.9
439.5
437.05
430.0
454.0
463.95
461.3
463.95
462.0
461.0
463.8
467.8
460.1
467.1
496.0
512.9
508.2
520.0
516.95
531.95
543.0
530.0
518.0
536.8
553.5
553.0
547.0
543.3
545.1
541.0
539.5
538.0
535.75
543.0
532.75
527.0
527.0
527.35
532.8
521.0
528.65
529.0
528.0
538.4
533.6
540.0
