1530.1
1557.05
1593.0
1562.0
1531.0
1521.95
1523.0
1546.25
1547.6
1520.0
1519.9
1518.0
1528.0
1535.0
1518.9
1456.0
1460.0
1470.0
1418.0
1466.0
1458.0
1537.0
1500.65
1529.3
1519.9
1529.0
1505.1
1486.0
1460.0
1464.1
1479.75
1499.0
1497.65
1487.8
1474.95
1450.0
1440.35
1452.0
1455.0
1454.0
1450.9
1445.0
1419.95
1406.0
1450.0
1436.0
1466.0
1458.8
1433.0
1430.0
1446.0
1439.8
1453.0
1466.0
1469.95
1475.0
1437.1
1450.05
1436.0
1469.0
1460.0
1463.0
1430.8
1418.0
1432.0
1436.35
1415.3
1432.0
1404.0
1418.0
1410.0
1427.0
1413.0
1405.0
1400.0
1350.0
1335.0
1339.0
1317.95
1263.9
1252.4
1230.0
1210.85
1244.0
1250.0
1260.0
1250.0
1243.9
1246.95
1221.05
1228.0
1215.0
1180.15
1172.55
1175.0
1167.5
1190.0
1156.0
1150.0
1145.0
1110.0
1130.55
1121.0
1117.95
1127.8
1115.0
1120.0
1120.1
1114.0
1163.0
1175.0
1185.0
1170.05
1212.0
1271.0
1308.9
1325.0
1325.0
1340.0
1345.0
1380.0
1385.0
1386.0
1402.0
1383.0
1382.0
1371.5
1301.2
1332.0
1328.0
1318.0
1293.0
1280.0
1289.0
1306.95
1308.0
1294.0
1290.6
1308.0
1275.25
1339.0
1306.05
1298.0
1324.0
1324.0
1311.0
1295.5
1314.9
1301.0
1299.0
1294.0
1296.0
1285.05
1268.0
1250.0
1261.0
1259.95
1245.0
1231.55
1303.7
1260.0
1280.0
1274.0
1272.65
1294.95
1283.1
1364.95
1355.0
1330.0
1327.0
1310.1
1280.5
1261.0
1260.0
1215.5
1200.0
1217.0
1162.3
1140.0
1095.15
1122.3
1121.0
1128.0
1120.0
1126.0
1172.95
1200.0
1230.0
1190.55
1177.05
1167.0
1130.0
1117.0
1095.0
1097.3
1079.5
1070.0
1026.55
1001.0
1010.0
977.0
949.95
933.5
903.0
913.0
914.0
904.0
909.75
904.0
926.0
949.0
960.8
950.1
943.0
925.0
920.0
912.55
923.5
903.05
899.15
911.0
926.0
915.0
902.3
919.0
918.0
910.0
945.0
929.0
945.0
981.65
1015.0
1013.2
1018.95
989.95
1034.8
1014.95
1042.0
1046.0
1110.0
1138.0
1115.0
1095.05
1074.95
1059.25
1064.05
1025.0
1011.0
1039.95
1004.0
984.0
977.0
987.0
1008.0
984.0
996.0
1016.0
997.05
1000.0
996.0
1018.9
995.95
1005.0
987.7
995.0
997.75
1050.0
995.0
996.0
994.45
994.0
988.0
986.7
982.0
1000.0
993.0
993.0
998.0
1013.0
1006.0
1004.55
994.0
991.05
993.0
1004.0
995.0
975.05
968.0
981.2
989.95
989.05
992.8
990.25
992.0
981.3
977.05
979.0
979.2
975.35
979.95
978.9
982.35
979.65
982.95
979.0
979.05
975.3
976.8
968.1
970.1
1005.0
1065.0
1113.0
1062.55
1060.05
1051.9
1090.0
1160.05
1143.0
1140.0
1128.1
1133.6
1184.0
1204.95
1205.05
1208.95
1187.1
1175.0
1208.7
1200.0
1254.0
1239.9
1219.7
1249.15
1245.0
1233.25
1239.95
1210.0
1209.0
1189.9
1200.1
1210.0
1188.9
1166.0
1158.0
1245.05
1269.0
1318.05
1318.95
1322.3
1320.2
1328.95
1300.0
1376.0
1455.0
1466.95
1451.0
1460.35
1493.0
1529.1
1516.0
1490.0
1494.65
1456.0
1475.0
1490.9
1511.7
1528.0
1519.0
1432.25
1445.0
1497.95
1515.0
1484.0
1440.0
1404.6
1399.0
1378.0
1274.4
1420.0
1418.0
1360.0
1358.9
1366.0
1342.0
1337.0
1317.5
1360.0
1352.2
1378.0
1360.35
1381.0
1419.9
1381.4
1380.0
1398.5
1404.45
1486.9
1432.0
1469.8
1434.0
1452.05
1475.0
1411.5
1434.9
1412.8
1387.55
1362.0
1355.05
1360.0
1350.0
1299.95
1320.0
1280.1
1305.05
1314.9
1321.35
1334.15
1318.0
1319.45
1310.0
1300.85
1355.0
1388.95
1366.05
1387.0
1401.0
1405.05
1407.75
1427.55
1386.0
1390.25
1429.05
1427.05
1425.0
1426.7
1398.45
1405.0
1399.9
1420.0
1395.0
1397.8
1397.15
1394.8
1389.8
1372.75
1379.0
1376.0
1366.0
1356.15
1400.05
1400.1
1375.0
1385.45
1374.95
1394.0
1414.0
1396.1
1410.0
1403.55
1405.0
1455.85
1469.0
1486.0
1487.5
1514.0
1477.2
1484.0
1474.95
1470.9
1479.9
1482.0
1505.0
1470.0
1499.95
1572.25
1619.0
1691.95
1600.0
1596.65
1601.0
1585.45
1569.95
1567.15
1594.9
1558.3
1540.15
1531.05
1553.05
1547.0
1574.95
1556.2
1575.0
1562.1
1577.9
1584.9
1593.95
1565.0
1550.1
1516.0
1548.85
1574.85
1570.05
1594.95
1597.95
