323.0
323.85
336.5
331.0
332.0
323.0
322.0
317.25
320.85
331.95
331.1
335.05
335.0
343.95
333.3
339.95
335.0
330.35
329.8
324.95
319.0
324.8
341.8
346.0
337.5
343.7
344.1
349.1
341.5
346.0
350.75
343.0
360.2
359.95
362.0
372.35
375.0
373.2
365.05
354.65
364.95
371.2
362.55
368.7
360.95
367.85
367.75
361.0
364.95
369.95
375.85
383.9
378.85
382.3
370.25
374.65
371.95
383.85
377.55
368.95
379.25
378.0
369.5
366.8
363.55
375.0
399.0
404.95
421.0
425.95
440.0
435.8
436.95
435.3
460.0
473.75
506.0
509.9
503.05
480.0
535.0
545.5
543.5
542.0
533.0
533.8
527.75
506.4
502.6
513.3
507.5
511.4
516.1
507.0
513.0
509.2
511.0
566.7
557.9
558.0
581.95
580.05
594.0
589.05
583.0
560.0
536.0
554.5
552.0
562.4
523.0
535.0
512.0
512.4
507.0
502.0
521.9
508.0
500.2
502.0
514.55
521.6
535.0
545.0
548.6
568.8
580.0
568.95
573.5
597.0
582.0
600.0
585.0
606.05
603.7
604.5
575.15
574.0
569.5
574.4
571.75
565.7
565.0
549.5
558.8
548.1
563.75
558.6
558.55
561.0
554.9
549.0
548.0
552.0
555.0
545.0
558.5
554.0
558.2
564.8
555.0
555.0
550.05
556.95
565.0
563.2
556.0
547.0
540.75
543.05
551.65
538.0
564.9
570.8
547.0
502.5
530.0
524.0
522.0
510.0
533.05
536.0
540.0
531.0
541.9
556.9
539.9
543.95
534.95
543.0
539.0
545.0
539.2
542.5
545.15
551.5
551.2
553.5
559.6
560.0
549.5
534.0
533.0
534.95
522.0
534.3
534.6
544.5
551.0
556.65
557.65
554.0
556.8
546.4
550.0
545.2
559.3
549.0
545.5
556.1
555.0
558.0
559.75
565.2
561.1
561.0
560.25
565.0
566.0
565.5
580.0
598.3
605.0
604.8
617.8
618.0
630.0
624.0
610.95
598.0
602.05
608.6
606.95
575.55
567.7
572.6
573.0
577.15
568.7
564.0
562.35
561.2
555.0
552.0
541.0
535.0
542.0
541.15
558.9
565.4
565.65
562.2
563.0
564.7
579.0
575.7
578.5
572.0
571.0
573.7
577.65
569.0
593.9
600.0
639.0
656.9
653.0
659.85
655.0
660.0
642.0
655.7
630.0
634.05
645.0
652.0
640.1
655.1
656.3
649.0
644.8
639.45
615.0
630.0
626.0
642.5
652.5
645.0
