387.45
373.6
392.0
393.3
389.9
397.0
397.0
396.5
396.0
382.0
388.0
394.0
398.9
397.25
401.0
395.5
394.9
402.0
400.15
412.0
402.75
415.95
420.35
418.15
420.5
417.0
417.35
412.0
409.8
417.1
411.1
417.8
413.05
415.6
418.1
426.5
434.9
428.95
429.0
425.5
426.4
413.05
417.55
423.7
428.0
433.95
430.5
433.0
428.9
432.35
436.0
422.0
423.7
422.0
425.4
425.0
425.1
440.0
442.5
441.0
433.45
432.0
419.0
411.0
417.65
418.75
420.0
422.8
426.0
419.95
416.0
412.7
411.0
404.0
405.0
390.0
396.0
394.1
386.0
390.0
373.9
357.25
350.55
350.0
347.5
356.9
365.0
351.0
348.0
343.25
345.0
349.9
349.0
350.0
352.5
351.8
349.9
354.0
351.5
360.05
354.0
355.0
340.0
337.9
332.1
325.0
330.0
339.4
341.9
349.0
348.85
343.5
344.0
348.0
351.1
347.45
348.0
347.2
353.0
362.85
364.05
374.0
365.0
351.45
352.3
356.5
353.0
347.5
351.05
349.0
343.35
333.0
334.05
332.65
334.0
325.05
335.7
336.5
336.0
335.15
338.55
341.6
339.5
342.0
343.9
343.0
335.95
325.3
322.0
318.0
321.3
320.0
317.25
313.9
315.0
307.0
306.15
311.0
321.0
322.3
319.45
321.0
326.0
332.25
337.25
332.9
339.0
334.0
339.95
338.0
327.0
325.9
320.9
324.3
321.0
322.0
321.0
306.9
311.7
307.8
301.8
308.5
313.0
311.1
299.85
297.5
294.3
289.4
292.2
296.6
300.7
303.8
302.1
308.35
309.0
311.0
305.0
312.5
328.55
322.35
313.5
323.0
320.5
324.5
333.0
318.15
324.95
324.85
317.0
315.55
322.0
328.4
332.0
329.5
329.05
332.05
335.0
335.15
340.0
341.25
341.3
345.8
345.0
354.9
352.0
358.9
347.0
355.0
353.5
350.2
335.55
346.5
333.45
336.1
331.95
341.45
348.2
351.05
355.05
364.0
357.85
351.0
354.3
357.45
365.0
383.45
371.85
363.0
358.0
365.95
362.5
357.0
360.25
367.5
364.5
363.0
362.0
355.0
356.0
350.0
351.25
345.9
346.7
345.9
347.1
352.0
352.95
353.1
356.9
353.55
361.35
365.0
357.0
348.75
355.6
355.5
349.7
348.3
343.2
348.0
351.55
348.0
356.0
362.25
363.95
364.7
357.0
354.0
352.35
358.5
358.0
365.8
370.55
374.0
365.0
360.75
365.9
362.4
365.9
363.6
365.4
379.7
359.05
364.2
365.9
368.0
364.0
370.0
370.7
381.8
371.9
363.45
361.9
359.15
359.8
367.2
363.0
352.9
351.0
346.25
344.25
348.5
343.5
348.4
354.0
351.0
348.0
354.0
351.25
347.5
343.5
342.75
332.25
330.0
308.15
318.9
318.5
320.15
323.5
317.9
317.1
319.05
322.1
323.0
324.0
320.4
323.6
326.0
326.0
321.9
313.55
322.5
315.75
314.0
317.5
322.0
324.95
322.6
318.1
312.95
307.9
305.4
302.0
306.65
307.1
311.4
306.35
303.5
315.0
314.55
322.95
319.0
318.0
315.5
309.0
309.75
311.9
306.6
288.0
305.0
304.0
303.0
305.05
311.4
298.4
304.4
301.0
305.45
301.0
302.9
301.0
320.8
325.0
324.0
315.0
317.5
326.9
329.7
330.8
334.15
329.5
326.0
328.1
320.8
319.0
310.4
306.0
304.1
299.5
295.4
294.5
296.0
299.0
301.4
301.3
303.1
311.95
302.4
313.15
319.15
320.6
319.0
321.1
323.45
322.4
320.0
318.9
318.0
314.0
314.05
321.0
318.0
305.0
310.3
323.1
349.05
346.0
345.0
353.3
354.0
354.2
355.0
352.05
357.0
353.45
357.5
369.9
361.3
367.0
370.15
372.1
362.9
371.0
367.0
357.0
368.55
364.0
356.85
360.0
361.0
360.2
359.85
360.85
366.0
360.0
364.0
361.15
346.0
349.0
347.0
338.8
341.4
340.0
340.9
342.5
344.85
350.0
346.0
342.95
343.0
344.05
348.3
343.0
347.0
350.0
342.8
340.0
339.4
342.0
342.0
344.0
343.0
353.95
354.25
355.3
355.5
348.1
346.7
346.45
344.75
350.0
336.5
370.0
362.25
366.0
