3808.0
3784.85
3950.0
3917.0
3811.0
3830.0
3620.7
3640.0
3615.2
3640.0
3690.0
3655.8
3679.9
3689.8
3584.0
3530.9
3590.0
3682.4
3570.0
3797.0
3730.0
3650.0
3670.0
3714.9
3806.0
3805.0
3720.05
3775.1
3715.0
3760.4
3795.0
3747.1
3743.95
3705.0
3775.0
3775.95
3925.0
4030.0
3950.05
3950.0
3921.0
3826.0
3907.0
3997.95
4019.15
4064.95
3960.0
3997.95
3989.95
3960.0
3940.0
3975.0
3989.0
3960.0
3950.05
3951.6
3975.1
3979.95
3825.0
3799.95
3875.0
3935.0
3877.8
3887.2
3951.0
3959.75
4003.0
3967.95
3960.0
3972.0
3985.0
4025.0
3972.05
3979.0
3941.95
3940.0
3935.95
3979.05
3979.95
3996.55
3924.0
3831.0
3887.0
3852.6
3998.95
3936.05
3883.0
3816.15
3822.35
3880.0
3751.1
3820.0
3825.0
3722.0
3665.0
3750.0
3672.0
3788.0
3735.1
3750.0
3739.95
3781.05
3762.0
3714.0
3712.0
3798.85
3745.0
3689.95
3650.0
3699.95
3688.0
3699.7
3680.0
3771.0
3814.0
3800.7
3841.1
3824.0
3785.0
3775.1
3698.0
3699.95
3595.0
3502.85
3538.0
3500.05
3495.0
3546.95
3470.05
3461.05
3535.05
3449.0
3422.0
3407.05
3379.95
3361.05
3349.0
3343.0
3368.8
3354.95
3382.0
3399.95
3349.0
3344.0
3352.45
3429.7
3365.05
3420.55
3455.05
3413.0
3609.0
3519.0
3513.75
3410.05
3385.9
3393.25
3329.75
3370.65
3400.05
3470.05
3405.0
3369.4
3339.95
3350.0
3370.0
3349.95
3350.2
3484.0
3450.0
3463.05
3479.95
3339.0
3299.4
3319.95
3398.0
3394.85
3452.15
3380.0
3433.45
3421.4
3311.05
3365.05
3390.05
3351.0
3460.0
3369.45
3350.05
3309.95
3411.0
3415.0
3306.0
3360.4
3360.95
3422.45
3494.95
3448.95
3330.0
3290.0
3219.95
3379.0
3311.05
3310.0
3398.0
3376.0
3395.0
3356.0
3373.0
3342.85
3470.0
3369.45
3386.05
3388.0
3385.0
3505.2
3570.05
3558.65
3508.3
3529.95
3531.65
3568.0
3557.1
3501.0
3617.95
3712.0
3762.05
3800.0
3739.25
3817.6
3750.7
3700.0
3721.05
3679.15
3610.05
3739.3
3735.15
3670.0
3745.0
3795.95
3849.85
3750.0
3743.6
3738.95
3730.0
3646.75
3788.7
3849.95
3890.05
3999.0
3927.0
3883.05
3914.8
3945.95
3892.25
3868.0
3900.0
3999.85
4097.8
3999.85
3950.0
3912.0
4006.25
3989.2
4011.0
3912.05
3866.05
3887.15
3930.0
3905.0
3979.95
3958.0
3968.5
3911.0
3934.0
3937.05
3931.95
3951.0
3937.55
3950.0
3917.0
3920.1
4029.7
4009.05
3930.05
3936.2
3945.05
3925.05
3890.0
3926.5
4000.05
3956.0
3949.95
3926.05
3949.95
3938.1
3961.0
3940.0
4047.0
3992.25
3935.0
3905.05
4000.0
3928.0
3881.0
3898.85
3845.0
3808.95
3872.95
3946.0
3992.0
3991.9
4006.1
4005.8
4000.2
4020.05
4049.0
4028.3
4033.0
4006.0
4049.95
4131.25
4160.2
4169.9
4115.0
4129.95
4079.95
4032.0
4062.4
4000.05
4026.5
4069.0
4035.0
3975.0
4027.0
4043.85
3924.7
4098.8
4090.85
4141.75
4035.0
4010.1
3982.2
4130.0
4176.0
4085.0
4088.4
4144.9
4170.0
4279.0
4354.95
4313.05
4478.5
4490.0
4500.0
4499.0
4450.35
4538.45
4468.2
4456.05
4469.95
4444.0
4420.0
4460.0
4478.05
4465.0
4541.0
4374.0
4347.0
4324.0
4296.95
4229.0
4237.9
4275.0
4325.0
4182.0
4231.6
4072.0
4040.25
4050.0
3850.0
4223.55
4130.85
4107.3
4005.05
3990.1
3884.05
3904.1
3810.0
3915.65
3980.0
3900.1
3898.0
3924.9
3959.7
4100.0
4043.7
4075.9
4056.25
4083.7
4134.8
4144.2
4087.1
4230.95
4161.2
4081.0
4103.95
4199.6
4073.1
4193.0
4189.95
4100.05
4060.05
4013.0
4045.85
4091.3
4150.1
4295.0
4200.0
4212.7
4231.9
4269.95
4130.35
4080.05
4112.6
4126.75
4069.0
4068.0
4113.95
4084.55
4085.0
4175.0
4087.2
4065.05
4078.05
4114.9
4115.0
4100.05
4150.0
4123.8
4120.0
4274.95
4217.0
4250.0
4191.15
4200.65
4297.95
4138.65
4124.85
4021.05
4086.2
4046.6
4018.05
3975.0
3949.9
3815.0
3880.0
3888.0
3940.0
3931.95
3884.0
3850.0
3900.0
3851.85
3840.45
3786.3
3840.0
3864.95
3864.95
3944.0
3826.65
3798.05
3801.8
3844.95
3830.65
3775.35
3745.0
3794.9
3800.0
3800.05
3768.3
3819.55
3800.4
3786.15
3780.25
3810.0
3807.85
3839.95
3785.0
3786.65
3890.0
4110.5
4240.0
4314.75
4593.0
4645.5
4555.75
4545.0
4642.8
4599.0
4615.0
4570.0
4655.0
4641.05
4653.05
4620.0
4615.7
