275.0
272.0
275.35
272.2
268.0
255.0
250.0
265.0
257.0
256.0
266.8
266.5
277.95
290.0
285.5
284.4
283.35
284.4
278.95
280.35
273.15
279.9
287.2
275.65
264.9
269.4
269.0
273.9
271.45
272.7
273.0
266.4
272.4
274.65
274.35
270.0
264.3
269.7
265.7
267.5
264.0
258.0
258.0
260.0
260.85
284.0
284.85
283.0
278.9
271.75
278.9
268.2
271.0
274.4
273.8
271.15
271.0
271.9
270.0
272.3
274.5
275.05
270.15
270.15
270.1
272.05
271.1
274.5
275.25
282.6
287.7
296.4
288.8
275.65
267.65
265.95
266.0
277.0
273.05
273.5
271.0
270.0
256.1
260.05
257.65
256.35
259.95
256.95
260.0
261.05
264.95
257.15
258.5
256.0
254.05
254.0
262.65
259.15
261.05
260.3
254.5
265.75
260.05
260.7
252.35
257.05
259.8
261.05
265.0
262.5
264.0
262.3
267.0
265.0
262.0
281.0
296.35
290.05
285.2
289.95
305.1
296.35
295.65
295.8
323.6
316.0
320.0
310.05
327.0
332.0
322.0
314.0
292.65
309.65
306.0
305.15
305.0
307.45
305.5
293.0
293.6
297.05
293.05
295.0
302.0
296.0
303.65
302.0
299.75
295.15
293.15
292.0
286.0
286.45
294.0
284.95
296.0
289.2
292.15
295.7
294.9
294.5
290.95
292.25
302.0
301.35
297.0
304.9
302.15
300.0
297.3
307.0
294.5
299.15
297.0
302.8
305.6
298.0
296.5
289.05
279.95
270.0
265.0
275.0
284.05
307.65
307.75
303.0
318.0
322.9
307.0
300.1
303.65
305.0
309.95
308.0
305.05
294.85
292.0
304.55
297.05
301.95
305.0
308.95
307.95
303.05
313.0
308.95
308.95
309.25
325.0
339.0
343.4
340.0
360.1
360.05
362.5
377.7
370.2
367.0
359.8
372.0
380.95
375.0
366.0
358.95
357.0
372.0
368.0
366.9
370.0
370.0
360.0
363.65
373.4
363.0
360.0
365.0
368.8
381.0
374.6
365.85
370.0
363.45
364.95
366.9
355.05
367.9
364.8
360.05
364.5
363.55
361.0
370.0
370.0
377.0
380.0
393.5
400.45
398.0
396.2
393.0
420.35
402.75
396.0
392.45
392.05
391.2
405.7
388.9
391.6
390.0
400.65
399.65
415.5
415.0
405.0
414.0
410.0
411.0
411.95
417.5
422.0
421.9
413.2
414.05
409.0
407.0
418.0
415.0
427.0
427.4
435.0
443.3
446.0
437.9
445.9
453.7
450.0
459.0
455.0
460.0
450.0
450.1
454.0
450.0
450.0
460.95
462.0
469.8
471.0
463.0
478.0
468.0
469.0
463.0
460.45
459.9
455.05
460.0
450.05
458.75
451.35
455.05
458.0
466.0
457.2
465.0
486.95
470.15
479.85
476.0
485.25
487.0
482.4
468.9
475.0
470.5
473.8
469.0
473.5
466.2
483.0
476.75
476.5
476.0
480.05
471.8
466.0
462.45
468.0
456.0
450.0
451.75
454.95
460.0
455.0
458.0
468.0
456.65
460.2
462.0
456.0
455.1
461.0
454.9
452.5
452.5
456.05
455.05
443.25
456.0
456.5
452.1
450.05
450.15
460.0
455.0
425.0
448.5
451.0
448.0
410.55
415.0
404.0
410.0
390.0
419.8
403.0
410.0
408.05
416.05
420.0
439.0
430.0
420.35
421.0
417.35
420.95
434.0
419.0
421.8
429.9
420.0
427.05
433.2
425.3
425.0
429.95
426.05
436.0
434.0
430.4
434.9
451.0
439.95
438.8
440.8
443.95
446.45
440.15
442.15
448.0
444.4
443.65
440.25
450.1
452.95
450.05
455.0
452.2
457.7
454.6
455.75
463.1
485.0
491.0
492.5
489.5
507.0
505.0
495.0
495.0
507.8
514.8
498.1
504.9
501.95
507.1
512.0
515.0
521.0
523.5
534.95
536.65
539.5
544.0
540.15
553.85
548.0
544.0
534.9
540.05
538.0
545.55
541.9
555.0
545.0
543.85
544.25
544.85
535.15
546.95
545.3
553.95
553.15
572.5
584.95
591.0
596.95
573.4
570.2
570.15
574.7
555.0
559.8
564.95
556.6
562.0
560.0
565.0
564.3
586.1
575.05
574.95
583.95
570.75
553.0
557.0
578.0
570.0
593.5
602.0
608.0
598.75
