756.05
775.0
785.0
770.3
740.25
744.9
752.8
751.5
729.9
737.5
759.8
779.7
789.9
790.0
789.0
775.0
784.0
793.1
782.9
799.6
826.1
851.1
862.75
847.2
844.85
867.0
856.5
838.0
848.1
849.5
842.4
838.0
834.0
820.0
818.5
839.0
842.9
852.0
862.0
848.4
857.95
853.9
880.5
885.0
892.5
904.0
903.0
938.0
932.25
912.55
865.0
885.05
914.65
929.0
923.0
942.0
948.4
965.0
951.0
974.5
975.0
964.5
957.0
949.0
953.5
950.0
934.0
918.0
939.8
934.8
942.5
960.0
949.7
928.8
874.4
890.0
879.0
873.7
902.95
898.95
886.0
862.0
830.25
865.0
860.0
866.8
863.35
871.2
874.9
854.0
840.0
845.35
835.05
834.0
820.0
845.0
859.75
884.8
881.5
875.0
868.1
877.0
861.0
885.5
880.9
880.0
850.1
857.25
860.0
863.9
875.0
866.0
859.0
850.0
857.3
868.9
869.0
901.9
906.0
916.0
912.0
905.2
910.1
900.0
919.0
907.0
879.9
873.0
877.0
878.5
887.0
891.7
887.8
900.1
885.0
899.0
908.0
899.0
876.0
890.0
904.9
915.1
905.3
907.7
908.7
902.25
902.2
935.0
935.0
914.0
917.0
918.0
912.0
880.9
905.15
894.95
892.0
900.0
912.85
905.0
905.4
900.25
905.0
901.05
903.85
909.1
902.6
892.1
893.0
888.9
892.9
907.4
915.85
892.0
902.5
888.05
896.9
881.0
910.8
930.55
898.0
893.0
892.0
879.0
883.55
878.8
871.5
868.9
891.0
873.0
845.65
835.0
836.8
843.0
821.9
828.75
834.8
821.7
799.7
783.7
759.0
791.05
790.0
765.0
760.1
741.5
768.45
777.0
761.05
769.25
799.0
787.4
792.9
819.8
813.5
808.8
798.0
807.0
806.0
821.7
827.65
860.0
864.75
865.5
874.9
871.5
877.55
878.35
903.9
900.0
895.0
899.0
897.0
897.85
887.0
893.1
928.6
925.0
925.0
968.05
954.25
962.0
960.1
972.1
971.0
982.0
960.0
982.0
974.9
947.25
949.0
933.0
943.0
941.2
918.55
917.1
924.25
928.0
930.15
942.1
931.8
944.3
926.8
916.0
904.5
921.0
951.0
1020.0
999.45
995.0
986.7
1012.0
1006.4
1002.0
972.25
990.3
999.0
982.25
1016.0
995.25
1014.2
1016.75
999.95
1004.8
1008.0
1011.0
1012.0
1020.0
1041.8
1054.9
1062.0
1075.0
1095.0
1107.5
1099.15
1121.1
1126.9
1132.2
559.9
546.25
554.0
556.0
555.6
570.0
582.2
577.7
587.0
594.5
588.65
589.45
587.6
596.95
596.55
580.0
574.25
575.8
593.1
608.95
597.55
589.0
589.2
580.0
596.0
588.1
589.0
595.0
601.0
580.0
587.0
597.9
596.95
602.8
609.0
600.3
590.0
592.5
599.9
590.0
587.1
580.35
571.6
579.8
575.0
581.0
587.0
590.0
593.0
601.3
605.0
628.2
612.0
615.7
605.0
616.0
628.25
637.7
653.7
674.9
664.0
653.0
660.95
673.8
661.0
658.05
661.0
665.0
669.5
681.1
683.4
669.0
673.0
669.05
671.05
670.0
663.7
643.0
648.0
657.0
635.0
658.5
650.0
646.3
650.0
635.0
636.15
646.7
634.5
640.0
628.1
641.0
641.0
653.0
645.5
636.8
620.0
604.9
608.0
616.0
641.0
637.8
627.9
612.1
626.9
619.9
610.0
618.9
614.4
611.6
614.8
609.75
611.0
603.0
616.0
615.5
635.55
640.0
644.0
649.8
654.5
671.0
664.25
659.75
662.0
662.0
664.9
662.65
669.95
664.1
657.1
672.0
662.0
677.0
686.0
713.0
706.4
705.5
682.05
695.0
701.0
703.4
707.7
718.7
725.0
733.0
715.0
716.7
692.0
670.55
670.6
682.5
705.0
705.0
715.0
714.0
690.0
675.0
661.95
633.9
637.3
641.0
645.5
644.15
635.9
636.0
635.25
639.0
650.0
640.0
642.0
636.65
655.0
650.0
649.8
641.5
647.5
643.1
644.0
649.0
643.2
637.8
643.0
680.0
703.9
713.4
720.85
729.0
725.5
723.4
725.25
724.45
716.2
717.0
741.9
731.8
739.0
727.0
744.0
741.0
735.0
726.0
717.5
727.8
732.25
730.6
734.65
