830.1
828.0
839.85
837.0
796.7
803.05
816.4
822.9
805.1
817.2
819.95
829.75
846.0
848.95
855.8
850.7
851.8
853.0
848.95
863.9
854.9
870.0
883.0
845.0
847.8
840.0
828.0
807.8
811.0
825.0
790.0
810.0
795.05
827.0
820.0
826.5
833.8
842.7
834.25
844.5
864.4
859.5
860.95
872.6
883.4
858.0
883.8
896.0
881.95
891.85
897.9
904.2
933.0
921.35
930.0
933.3
936.0
947.0
937.05
954.1
949.0
949.8
941.05
949.0
959.0
975.0
978.0
973.0
958.0
952.7
949.9
946.5
945.1
946.9
911.85
935.0
959.95
954.0
965.75
948.0
915.0
880.0
875.0
876.9
864.0
870.0
841.0
852.95
836.0
830.0
842.5
850.0
821.5
853.0
845.5
874.5
868.0
875.9
886.0
905.3
905.0
919.0
875.0
908.0
927.0
912.8
956.85
950.0
966.0
964.0
952.75
951.0
954.8
944.0
948.0
947.0
953.9
958.0
964.5
960.5
958.0
963.0
964.0
955.2
949.0
920.05
914.0
911.9
914.95
915.35
911.0
911.0
903.0
914.0
900.0
888.9
889.4
915.3
905.0
909.0
914.15
923.0
918.75
922.9
921.0
925.4
940.0
944.5
939.65
940.1
943.0
948.9
943.0
928.1
928.0
911.7
915.0
921.3
938.0
945.7
936.0
950.0
936.15
943.3
946.5
955.0
962.0
969.0
968.0
961.8
940.8
936.15
934.1
934.55
939.95
940.0
913.85
921.0
919.8
916.55
897.25
884.45
880.0
887.9
905.0
907.85
907.0
906.5
928.75
927.0
895.0
912.0
913.95
910.6
873.0
866.0
830.0
815.0
825.0
831.95
830.0
837.3
843.1
845.0
842.0
835.65
822.0
815.0
817.5
837.0
874.9
885.0
898.8
916.0
913.0
934.0
921.05
929.0
921.9
921.8
926.5
911.55
930.0
932.4
929.0
927.0
917.9
939.0
946.2
966.65
961.3
959.8
951.2
955.0
940.0
939.0
961.0
975.0
986.4
988.0
993.0
974.7
982.4
982.0
1021.9
1039.7
1032.1
1043.0
1045.0
1037.0
1042.0
1037.85
1042.0
1055.0
1036.1
1052.5
1060.0
1063.0
1083.0
1080.0
1078.0
1069.0
1072.35
1056.4
1055.25
1095.05
1101.25
1106.2
1101.1
1103.0
1105.0
1130.0
1124.95
1126.5
1113.0
1114.85
1114.1
1100.0
1103.35
1119.05
1118.9
1107.0
1089.85
1103.0
1090.65
1088.85
1052.1
1091.8
1080.0
1090.0
1110.0
1125.0
1124.0
1100.0
1115.0
1110.0
1146.0
1139.95
1123.7
1107.0
1114.7
1128.05
1134.0
1103.9
1120.1
1131.5
1135.0
1156.3
1158.0
1179.7
1177.8
1173.0
1200.1
1183.1
1183.4
1174.9
1190.35
1194.8
1190.0
1159.0
1175.2
1171.0
1159.55
1158.2
1199.9
1192.0
1184.7
1187.8
1183.5
1182.05
1161.2
1160.0
1168.0
1191.75
1184.7
1196.35
1238.9
1219.8
1218.0
1198.0
1185.0
1193.7
1187.5
1173.2
1205.4
1185.4
1198.0
1220.0
1209.0
1201.9
1206.9
1226.0
1190.0
1201.0
1234.9
1229.1
1215.0
1223.0
1232.0
1238.35
1224.0
1221.0
1213.0
1216.7
1210.2
1210.0
1221.0
1216.0
1202.25
1197.7
1178.0
1205.0
1197.0
1204.25
1217.0
1234.0
1225.75
1217.9
1155.0
1209.7
1210.0
1198.9
1100.1
1096.7
1106.3
1108.0
1071.75
1078.0
1061.2
1044.9
1063.0
1050.0
1064.0
1084.0
1076.9
1055.5
1090.0
1086.0
1081.9
1105.0
1108.8
1081.25
1088.95
1060.0
1082.1
1081.0
1086.85
1075.0
1079.0
1051.05
1061.0
1060.0
1067.8
1076.1
1102.5
1109.95
1088.0
1094.0
1107.0
1132.0
1146.1
1170.0
1185.0
1234.1
1223.8
1211.9
1220.0
1212.65
1228.1
1219.9
1212.3
1235.0
1259.95
1265.8
1251.0
1244.05
1261.0
1305.0
1278.0
1310.0
1320.0
1325.7
1318.0
1311.2
1328.2
1342.85
1329.0
1316.45
1335.0
1336.0
1339.7
1334.0
1332.4
1340.0
1324.0
1320.5
1335.0
1307.7
1306.8
1315.1
1332.0
1330.0
1337.0
1359.0
1363.5
1359.4
1380.5
1384.9
1381.0
1378.35
1379.1
1385.0
1383.2
1418.85
1402.1
1401.0
1420.0
1425.75
1408.0
1399.0
1421.0
1412.5
1429.95
1425.0
1435.0
1438.0
1432.4
1440.0
1415.0
1437.0
1439.0
1437.0
1461.0
1462.0
1470.7
1454.0
1449.9
1446.0
1429.95
1406.5
1432.0
1425.4
1438.0
1424.8
1414.2
