424.55
441.95
457.95
457.85
406.65
408.0
450.0
458.8
459.95
475.1
515.0
515.0
546.0
525.2
525.0
526.0
520.0
528.0
529.0
538.8
572.8
579.45
607.9
590.5
591.5
577.0
608.95
579.85
569.8
629.5
613.75
620.0
628.0
627.75
619.5
642.0
620.0
641.65
636.85
660.0
679.65
675.0
686.0
728.5
728.0
728.0
689.9
733.8
706.0
701.0
731.0
732.95
724.15
725.9
715.45
726.45
759.8
781.2
761.7
765.5
759.0
784.8
773.55
797.0
788.8
835.1
839.0
918.85
955.1
1005.0
999.0
953.0
974.85
945.95
845.95
853.05
889.95
904.0
921.95
999.5
934.0
954.45
886.0
879.7
902.0
949.85
998.9
999.0
1020.0
979.05
989.95
959.0
883.0
831.2
815.95
860.05
916.0
897.65
896.85
914.0
959.8
998.0
935.0
940.0
934.9
899.0
912.7
923.9
922.9
931.95
914.05
927.0
900.05
924.9
894.95
876.0
913.0
900.0
895.8
915.0
944.0
963.0
980.0
940.0
945.05
947.0
940.15
934.8
902.0
934.4
935.8
903.0
900.0
927.0
906.0
925.0
924.95
953.65
925.0
939.7
955.9
957.65
959.0
949.8
967.0
975.5
1033.95
1010.0
976.6
984.0
980.05
984.0
983.0
981.0
985.7
987.0
998.0
1019.6
1012.9
1109.0
1097.7
1097.15
1058.0
1063.05
1063.0
1065.6
1064.05
1068.85
1102.25
1105.0
1072.0
1060.5
1045.0
1089.0
1089.85
1099.45
1115.0
1075.1
1100.0
1075.0
1055.0
1064.0
997.0
1030.0
1068.0
1060.0
1054.95
1069.7
1125.0
1137.8
1173.5
1196.7
1197.0
1239.0
1102.0
1134.95
1109.4
1034.9
971.0
997.95
930.65
946.9
924.0
904.0
892.95
860.5
844.75
859.95
830.0
840.3
909.0
922.6
939.8
937.95
918.0
908.5
897.15
918.0
984.0
950.0
974.0
949.5
925.0
939.5
925.0
929.0
915.25
920.05
967.0
975.0
998.7
1028.0
981.0
971.0
974.0
981.05
1000.15
1021.95
1011.0
1064.95
1062.1
1037.95
1037.0
1034.85
1052.0
1046.05
1051.4
1037.1
1069.6
1065.75
948.0
980.35
1011.6
966.0
960.1
964.95
971.9
966.25
938.0
906.0
925.05
910.15
920.0
913.0
911.0
918.0
921.3
944.4
937.95
947.0
935.0
926.1
918.0
888.75
925.05
930.0
920.05
908.1
915.0
901.9
911.85
918.7
905.1
944.95
968.0
960.0
924.1
925.0
955.0
939.85
943.25
971.0
980.0
1007.0
983.5
984.0
977.5
983.15
980.15
982.9
949.8
915.0
870.05
880.0
904.0
882.55
890.0
888.0
866.25
874.0
879.6
898.75
885.0
880.05
876.0
885.0
888.0
886.8
887.0
859.6
868.2
890.0
889.95
895.0
900.0
914.9
937.4
816.0
848.0
852.1
855.95
833.0
817.0
812.05
805.0
816.0
810.5
822.05
815.0
800.0
789.0
783.15
769.85
780.95
742.0
749.55
790.05
810.0
790.0
768.2
768.0
768.0
725.0
730.0
737.0
725.35
741.7
720.0
708.5
719.9
701.0
731.0
760.0
760.0
780.0
780.0
780.25
782.0
821.95
799.9
795.0
839.9
828.6
810.0
800.0
760.0
770.0
789.0
731.0
809.95
155.1
150.25
146.0
140.0
141.4
147.75
143.0
144.0
146.0
136.95
144.85
156.7
156.2
156.4
152.4
152.0
154.1
157.1
160.5
164.7
163.3
158.3
160.4
159.0
163.2
162.4
161.0
158.1
157.7
154.4
157.6
153.25
155.0
157.7
165.0
163.65
171.45
172.35
168.0
163.35
162.85
164.2
164.25
165.5
172.0
173.55
182.0
179.0
182.3
179.4
175.0
173.0
174.95
178.0
187.9
185.9
180.0
185.7
186.1
189.75
186.65
184.0
182.5
182.25
175.0
170.0
170.0
165.8
165.65
164.8
164.0
165.4
162.8
159.0
164.95
162.65
162.05
159.1
164.2
172.0
170.0
167.7
171.0
178.5
176.95
188.3
188.4
185.65
189.8
188.05
195.0
197.9
203.3
201.0
198.5
197.0
196.1
197.45
200.55
199.5
197.75
195.6
196.95
196.5
197.0
193.0
197.9
188.0
194.0
195.15
192.0
192.9
194.5
196.0
203.95
206.9
205.5
206.2
205.95
202.15
204.85
203.95
204.7
205.0
199.9
