599.9
590.75
582.3
595.75
571.1
565.0
590.0
585.0
573.55
588.55
604.95
600.25
614.0
620.0
620.85
630.0
640.85
655.0
630.0
640.95
604.0
656.95
641.9
610.0
596.0
602.0
590.0
595.0
590.0
599.95
597.95
594.95
590.0
591.05
615.0
619.8
625.0
639.2
638.1
630.75
613.15
598.0
593.85
599.0
600.65
620.5
615.0
620.0
629.95
627.45
618.85
613.85
622.25
625.0
609.3
600.2
600.0
605.05
600.25
606.0
621.0
607.0
595.05
596.05
605.0
609.9
614.0
610.05
607.05
594.05
585.15
592.0
603.0
595.0
564.0
545.0
537.0
510.05
525.05
513.0
510.0
510.0
439.1
472.5
493.9
487.3
479.75
471.5
472.35
465.05
480.0
470.2
453.4
457.95
464.9
459.05
457.95
452.15
447.05
472.0
442.6
448.95
433.55
445.45
440.25
431.1
430.35
444.95
438.05
440.4
435.05
435.1
441.0
461.35
477.85
497.0
490.0
490.45
470.05
478.0
478.0
481.55
472.05
462.1
458.05
453.1
442.25
445.0
447.0
431.05
429.35
424.0
430.0
429.85
429.85
421.5
428.0
432.0
447.65
450.05
468.05
475.1
481.05
494.0
492.0
484.3
489.9
489.95
486.35
482.95
480.55
480.1
471.35
459.05
480.0
460.0
465.15
482.95
482.8
487.7
486.0
520.0
508.0
510.05
519.6
542.1
526.5
522.95
514.9
518.05
518.0
518.3
515.05
516.65
519.0
530.0
533.0
559.5
549.9
521.2
485.0
500.05
486.55
494.95
510.05
509.0
518.05
523.25
530.05
536.3
530.0
519.05
497.05
502.45
510.0
534.95
539.0
520.0
538.5
539.0
515.35
529.95
542.9
537.95
521.1
529.95
532.0
534.95
526.05
551.95
554.7
557.05
559.3
558.0
560.0
562.05
560.0
559.9
555.55
556.0
564.95
585.0
589.0
588.95
583.05
585.0
584.95
586.0
586.1
585.65
590.0
607.95
605.0
619.05
607.0
615.0
628.0
644.0
660.0
631.95
630.0
630.1
606.0
605.05
605.05
605.9
613.35
594.0
602.5
603.6
603.5
585.65
596.95
582.05
578.0
593.65
608.0
633.0
628.95
642.0
634.95
629.05
631.0
627.95
618.0
634.0
626.55
641.95
628.6
641.0
672.0
660.0
678.0
674.0
674.0
657.0
659.05
651.75
651.5
655.05
649.9
647.2
642.85
660.75
658.05
649.95
623.05
639.9
645.0
636.5
659.9
657.05
664.95
654.95
649.95
654.9
643.45
650.1
651.15
649.0
642.05
643.35
632.5
637.2
655.75
646.95
649.0
650.9
647.0
660.35
668.0
655.0
642.0
642.05
646.0
634.7
648.0
641.0
635.0
636.2
644.95
681.0
670.0
659.0
684.0
694.65
718.0
725.0
730.0
715.0
723.9
732.0
748.6
756.5
733.0
724.7
705.0
713.85
693.5
688.0
674.9
669.0
673.95
675.05
689.95
723.0
712.5
714.95
672.0
671.95
666.7
678.5
655.0
671.9
668.0
680.95
674.95
685.3
685.0
681.0
672.25
669.95
659.65
660.5
665.05
644.95
650.95
657.55
653.0
664.0
675.0
695.0
699.9
693.6
694.0
692.1
670.0
693.35
600.0
705.0
741.65
742.2
710.0
714.5
700.0
700.0
700.0
678.1
685.0
690.1
708.0
703.1
700.0
724.9
705.05
695.55
699.9
710.0
702.0
706.8
700.0
701.2
715.0
701.1
695.0
703.0
720.0
711.8
721.9
711.0
711.0
715.0
728.0
738.85
730.05
736.0
751.9
757.45
765.0
772.0
780.0
798.0
790.0
767.5
770.05
768.0
772.3
773.0
765.0
741.05
725.0
745.0
748.0
735.4
757.0
731.0
707.75
718.9
745.0
757.0
752.0
750.0
764.9
787.5
785.0
770.0
764.3
753.05
761.05
750.0
779.65
765.0
773.95
784.95
768.0
780.0
779.0
777.6
780.75
795.15
789.0
788.0
776.05
799.0
794.8
797.0
790.05
803.9
815.8
809.0
795.0
795.55
818.5
819.75
801.05
792.0
790.0
790.0
798.55
791.85
789.1
785.95
786.55
814.9
815.65
802.0
815.0
829.05
829.0
859.5
875.45
896.35
889.0
875.05
865.0
901.9
906.65
912.95
895.05
884.0
894.0
900.0
898.55
898.4
920.0
