241.3
231.0
234.95
236.0
229.5
235.0
245.1
249.5
253.25
255.9
254.15
253.0
253.0
248.0
243.25
237.5
236.0
232.75
232.7
228.1
234.45
237.5
248.0
236.5
240.5
243.7
233.0
238.9
234.1
236.15
233.0
241.6
238.3
234.25
237.0
236.25
248.0
248.0
245.8
250.95
246.25
238.05
250.0
252.8
251.0
247.4
248.0
245.0
243.0
243.0
236.15
241.0
244.5
244.0
244.0
245.15
246.0
245.0
243.0
248.0
246.55
246.0
234.0
229.1
235.0
240.1
246.0
239.7
238.95
239.15
233.35
231.0
227.0
218.0
229.95
221.7
220.0
225.1
222.0
221.5
216.0
213.0
200.0
190.0
190.0
191.0
189.8
186.7
188.65
193.8
184.05
174.5
176.0
173.55
172.0
170.0
167.0
170.0
172.8
175.0
167.95
165.85
162.0
159.05
160.05
158.85
153.35
156.0
161.9
159.95
160.25
163.8
161.7
169.0
187.8
192.4
197.4
193.0
193.5
189.65
193.0
192.15
192.0
194.55
189.15
189.55
186.2
188.95
190.0
187.1
184.0
179.0
179.0
182.2
193.85
192.9
189.0
191.2
189.0
187.95
188.5
189.55
185.0
189.95
193.05
192.4
194.2
197.5
199.95
194.0
193.0
193.0
188.35
183.75
188.0
182.5
185.95
186.3
185.5
187.05
188.7
190.95
193.9
190.3
188.55
195.85
188.75
186.75
189.3
189.95
188.2
185.6
187.55
180.05
179.1
181.2
179.0
172.0
172.25
168.8
164.0
165.0
166.6
169.0
165.0
165.0
171.3
170.9
171.5
170.0
165.0
167.0
165.0
170.0
168.0
171.75
167.0
154.0
167.0
171.85
169.85
171.0
166.3
168.95
167.8
165.55
167.05
170.65
171.5
172.0
174.0
170.0
172.3
172.9
174.05
173.75
172.05
172.65
174.1
171.45
175.85
170.0
173.7
178.05
184.0
183.0
185.5
185.05
187.0
189.05
195.45
195.05
193.55
193.85
187.15
191.65
206.05
217.75
219.4
221.1
221.25
219.1
221.4
221.0
223.0
229.6
223.2
224.0
230.0
229.3
222.5
224.4
229.4
232.0
223.6
228.65
230.0
225.0
227.8
227.4
225.0
223.8
223.5
227.8
226.5
229.45
232.7
236.2
236.2
230.8
232.0
236.7
237.7
237.9
244.0
252.95
246.0
246.0
260.0
257.8
251.3
245.45
234.0
234.8
243.5
239.0
228.0
242.0
257.0
258.1
262.45
266.8
264.0
242.4
223.1
230.1
240.5
243.25
250.0
238.6
245.0
245.0
238.2
235.0
237.85
235.7
232.1
233.1
230.0
238.0
241.35
256.8
258.5
248.0
245.0
253.0
257.0
258.05
256.65
263.85
261.8
256.1
264.5
272.1
274.25
269.0
277.45
268.0
271.5
273.65
268.0
266.5
271.0
270.0
267.0
267.8
274.95
264.25
268.6
252.0
251.15
251.85
255.2
254.4
253.8
249.0
251.0
251.8
246.0
246.75
247.0
248.55
239.0
249.0
249.8
255.0
257.1
257.65
272.95
264.8
263.5
267.3
259.9
261.6
275.0
272.0
278.95
281.9
279.35
277.4
283.6
289.0
288.65
281.7
276.0
267.1
263.9
262.0
248.0
260.95
256.0
245.35
240.0
243.0
241.9
247.7
233.1
244.65
252.0
250.25
244.9
247.6
257.1
264.0
267.4
258.0
252.5
256.0
263.0
271.8
281.95
284.5
280.0
275.0
274.95
278.45
281.1
279.3
284.0
277.8
274.0
270.15
270.05
279.0
289.75
296.8
303.35
302.85
305.0
314.95
312.0
328.2
341.0
335.45
330.0
329.9
328.4
328.95
331.6
331.85
324.5
317.55
328.0
335.95
332.5
323.0
313.6
326.0
332.0
338.0
333.8
333.3
344.0
344.0
352.8
355.9
350.35
345.0
350.0
342.9
335.35
335.05
335.05
333.0
331.3
329.55
330.65
328.05
322.55
316.1
326.4
325.85
320.05
319.5
318.5
323.4
323.95
327.95
326.0
330.05
319.8
319.0
319.8
314.55
317.15
315.0
317.1
314.95
309.0
314.9
311.95
324.0
330.0
337.6
342.0
337.35
338.0
347.7
346.1
369.95
368.0
369.45
365.15
361.0
363.95
353.0
364.85
375.0
396.5
393.4
399.9
406.1
414.8
403.35
405.5
