586.0
594.9
620.95
620.0
605.0
594.0
593.0
600.0
602.0
597.6
617.8
620.3
630.1
630.0
624.0
608.5
614.95
610.0
607.6
605.7
603.15
618.0
633.9
608.6
597.05
613.75
618.5
610.0
606.7
604.35
584.0
589.4
593.65
593.0
620.0
619.0
623.95
627.0
633.9
634.55
632.8
610.2
651.0
650.25
636.0
649.95
635.0
648.0
645.7
663.8
669.8
686.0
693.0
694.9
678.0
666.0
672.15
675.2
674.5
695.0
701.9
699.0
688.6
685.5
686.4
681.0
695.0
695.65
695.95
752.2
743.3
747.0
757.95
745.85
728.45
696.15
734.4
772.0
756.95
767.0
750.0
726.0
677.0
679.0
690.15
707.0
692.15
724.95
696.4
715.0
729.75
701.0
692.5
665.0
661.0
661.0
675.0
658.0
663.55
642.95
663.85
680.0
665.05
709.9
699.0
695.0
712.5
744.0
732.0
731.0
730.0
737.5
740.0
719.9
723.0
711.0
718.0
700.0
714.9
699.85
694.9
709.0
698.0
699.0
699.95
708.9
700.35
709.85
700.0
707.75
701.0
691.2
693.0
681.15
678.95
677.85
641.0
659.95
652.0
650.0
684.55
697.4
689.0
679.0
688.5
702.0
735.0
709.0
690.75
678.6
669.0
645.6
646.15
640.0
640.0
616.0
625.9
641.0
642.0
647.9
632.0
643.95
650.0
655.0
657.0
664.95
673.55
673.1
682.6
703.3
675.4
665.0
655.0
664.95
646.0
641.1
628.75
618.0
612.45
596.0
566.6
574.0
614.7
615.6
621.0
632.8
632.05
635.55
642.8
637.0
625.25
635.8
630.0
638.0
642.0
610.0
599.2
584.0
571.0
600.0
581.55
599.9
578.0
595.0
596.35
588.0
587.0
584.65
595.0
570.1
602.5
613.0
610.0
604.85
580.0
588.5
590.0
593.0
582.1
575.05
586.2
575.1
583.0
590.0
590.5
588.55
587.95
573.05
561.15
578.0
585.0
606.05
628.75
632.5
625.0
626.9
635.05
643.15
655.55
667.1
656.65
655.0
650.05
669.0
663.35
669.0
637.1
631.0
620.0
633.0
612.9
618.85
615.3
634.95
630.0
632.0
644.05
673.75
671.0
672.5
688.8
660.0
669.65
674.0
670.0
664.4
682.25
670.0
680.0
663.0
687.0
675.0
684.7
705.1
734.0
770.0
750.25
731.6
744.0
720.45
745.0
750.0
722.25
745.0
762.0
751.0
736.4
777.0
776.25
774.95
768.9
774.2
771.0
770.8
773.65
770.05
775.9
771.7
751.55
752.8
768.4
779.75
766.15
802.0
810.95
838.8
855.0
835.0
836.1
826.7
837.9
849.0
854.65
857.0
850.0
827.05
828.2
817.0
832.05
824.0
821.0
826.1
830.0
836.4
837.9
836.8
839.0
834.95
823.0
805.1
822.0
831.9
821.0
859.0
861.45
866.8
863.25
871.0
861.05
818.2
828.0
844.9
836.55
883.4
869.85
842.65
849.9
859.0
837.5
822.8
820.0
826.8
820.0
830.0
823.15
852.0
846.0
823.95
785.3
777.0
752.0
753.2
747.0
780.0
782.7
781.9
791.1
782.0
772.0
762.25
755.05
755.5
758.0
764.0
750.15
739.85
713.0
711.1
663.0
672.6
641.75
600.0
548.5
565.0
563.05
569.95
576.25
579.8
575.8
581.9
572.0
582.3
603.7
612.2
590.0
591.6
581.7
572.9
565.1
565.05
562.1
545.0
535.0
530.2
540.95
529.2
520.45
519.35
527.0
529.95
522.8
512.25
522.95
530.4
552.75
570.0
567.05
569.0
577.0
596.0
602.25
595.45
609.9
643.0
642.0
645.1
669.9
660.1
640.1
637.3
644.9
635.1
634.5
647.0
666.9
664.65
662.0
680.0
737.8
765.55
767.35
734.55
745.05
734.75
732.9
710.0
670.0
641.0
638.95
660.8
679.0
671.85
686.9
661.0
663.0
660.0
654.95
649.8
645.0
645.3
632.35
627.55
626.0
630.0
639.0
686.0
699.75
708.0
676.6
670.0
660.0
681.6
672.6
665.05
676.0
673.0
693.7
693.15
723.9
713.25
714.7
701.6
695.0
701.0
740.0
750.55
750.0
770.0
775.9
766.0
772.8
768.65
773.0
771.15
760.8
771.5
771.85
761.0
748.0
741.35
754.9
752.95
754.45
759.0
750.05
