1486.55
1519.0
1530.0
1507.4
1512.55
1485.25
1485.0
1480.0
1490.0
1479.8
1467.0
1505.0
1479.0
1480.0
1503.0
1513.6
1530.0
1520.15
1520.0
1529.0
1510.0
1531.25
1498.35
1419.0
1451.85
1479.55
1452.25
1450.0
1450.0
1504.8
1477.45
1485.0
1469.95
1494.6
1509.95
1560.0
1540.0
1594.95
1599.8
1596.25
1608.95
1532.0
1574.95
1588.85
1581.8
1599.0
1599.0
1588.8
1614.0
1567.55
1599.0
1502.1
1579.9
1583.1
1575.05
1583.3
1572.5
1545.0
1515.0
1524.85
1528.0
1545.0
1515.0
1561.75
1590.0
1556.0
1595.0
1535.05
1526.45
1532.0
1530.05
1562.1
1571.0
1550.0
1511.1
1534.35
1555.0
1607.0
1580.0
1605.0
1599.0
1539.0
1475.0
1507.75
1500.0
1470.7
1469.45
1458.35
1480.0
1477.95
1462.05
1459.85
1436.55
1494.0
1520.0
1475.0
1470.0
1452.35
1480.45
1440.0
1435.0
1437.0
1435.0
1451.0
1524.0
1505.0
1504.95
1545.0
1550.0
1523.0
1460.0
1529.6
1524.4
1509.95
1505.0
1514.0
1470.0
1472.0
1479.65
1478.0
1490.0
1483.45
1485.7
1486.45
1485.85
1489.65
1510.0
1500.0
1520.05
1571.0
1590.05
1566.0
1484.5
1565.0
1506.0
1521.0
1490.0
1510.0
1483.65
1490.0
1514.95
1520.0
1493.0
1472.3
1494.0
1508.95
1484.95
1462.9
1450.0
1420.0
1423.2
1430.0
1420.0
1382.05
1330.0
1337.65
1326.0
1340.0
1337.0
1395.2
1359.45
1334.0
1339.0
1326.0
1352.6
1375.0
1349.35
1336.95
1381.75
1373.0
1397.0
1390.0
1365.0
1389.0
1362.0
1384.0
1388.0
1380.0
1337.0
1334.0
1275.05
1313.0
1329.0
1319.0
1300.0
1355.0
1323.0
1314.0
1359.95
1348.1
1331.0
1349.0
1316.95
1315.0
1295.2
1317.5
1304.8
1238.0
1210.0
1167.0
1150.0
1169.95
1140.0
1152.0
1150.0
1160.15
1195.0
1190.0
1170.0
1218.0
1239.0
1220.0
1230.0
1250.0
1229.6
1200.2
1207.3
1249.0
1231.05
1222.0
1229.0
1270.5
1263.0
1275.0
1273.9
1285.0
1270.0
1269.0
1309.95
1301.0
1289.0
1285.0
1274.8
1281.95
1271.25
1255.0
1254.6
1245.05
1294.0
1280.0
1305.95
1288.05
1297.55
1308.9
1315.0
1294.85
1275.0
1260.0
1282.1
1317.0
1387.0
1298.0
1319.5
1349.95
1350.0
1380.0
1393.95
1340.0
1370.0
1349.0
1334.0
1340.0
1330.0
1305.0
1325.25
1340.65
1380.0
1397.0
1402.0
1410.0
1420.0
1450.0
1454.7
1475.0
1450.05
1468.0
1449.95
1421.55
1429.9
1481.4
1475.95
1462.0
1463.55
1453.35
1455.05
1455.4
1445.0
1467.8
1450.05
1496.0
1500.0
1524.0
1510.5
1494.8
1490.2
1486.3
1475.0
1500.0
1512.15
1524.0
1516.5
1508.0
1506.5
1511.8
1513.95
1511.8
1538.9
1530.0
1520.0
1550.0
1548.0
1482.6
1470.0
1461.0
1485.0
1482.1
1500.0
1494.95
1492.5
1471.0
1447.0
1450.65
1469.0
1472.15
1467.1
1453.0
1460.0
1446.95
1451.15
1450.65
1434.95
1421.65
1450.0
1446.7
1449.75
1463.0
1457.0
1424.0
1440.0
1420.0
1431.1
1419.95
1424.45
1424.0
1410.05
1405.1
1420.0
1378.6
1371.0
1350.0
1341.65
1356.5
1339.75
1335.0
1355.0
1374.0
1349.2
1364.95
1337.0
1341.0
1362.4
1350.05
1345.2
1356.05
1353.3
1344.0
1375.5
1422.0
1385.9
1386.0
1355.1
1370.25
1445.9
1399.75
1373.05
1370.3
1350.0
1334.9
1315.0
1373.25
1355.2
1311.95
1314.2
1295.95
1258.0
1248.1
1212.45
1248.95
1224.05
1200.0
1230.0
1214.95
1224.9
1255.0
1232.5
1232.85
1214.55
1215.0
1200.55
1216.85
1210.95
1221.8
1235.8
1202.5
1198.1
1197.0
1190.0
1168.0
1173.15
1151.95
1165.0
1118.9
1119.95
1142.1
1150.5
1152.0
1170.55
1168.0
1170.05
1198.0
1187.4
1231.05
1234.95
1229.95
1220.1
1200.55
1231.9
1217.0
1250.0
1268.0
1260.1
1253.95
1274.4
1289.0
1295.0
1348.9
1369.0
1362.0
1386.5
1384.0
1380.0
1401.95
1391.6
1352.0
1376.2
1358.9
1343.0
1365.9
1400.0
1389.25
1389.95
1372.55
1378.35
1417.65
1422.75
1449.95
1497.0
1464.9
1448.5
1440.0
1414.95
1430.0
1465.0
1534.1
1535.0
1601.1
1592.0
1575.4
1577.05
1581.0
1575.1
1550.5
1568.55
1552.1
1541.15
1577.4
1630.0
1610.0
1585.85
1578.6
1649.95
1632.2
1588.4
1699.0
1683.75
1650.0
1633.6
1630.25
1630.0
1610.3
1616.25
1593.35
1617.0
1608.9
1591.05
1592.0
1590.05
1599.95
1591.1
1544.1
1533.35
1515.0
1525.0
1523.95
1514.1
