1380.0
1388.0
1532.7
1469.85
1478.0
1460.0
1495.0
1499.9
1538.0
1556.0
1504.0
1480.0
1463.4
1481.0
1478.0
1397.0
1444.2
1421.0
1355.0
1320.0
1339.0
1385.0
1373.8
1364.7
1334.0
1343.0
1361.0
1382.8
1361.0
1380.2
1345.0
1345.0
1310.0
1337.9
1320.0
1276.05
1359.5
1320.0
1312.0
1315.5
1305.0
1310.0
1287.1
1305.0
1282.3
1282.0
1279.8
1267.15
1324.0
1312.1
1310.0
1345.0
1345.0
1358.0
1341.0
1350.0
1354.0
1365.0
1365.0
1355.0
1386.85
1353.0
1352.0
1360.0
1394.5
1418.0
1377.0
1282.0
1334.0
1351.0
1332.0
1328.9
1336.5
1352.0
1333.0
1335.2
1266.0
1281.0
1293.0
1244.4
1234.15
1226.0
1228.0
1219.8
1193.0
1152.5
1259.8
1215.0
1215.0
1240.5
1241.0
1248.0
1229.0
1214.8
1182.0
1195.0
1194.0
1190.0
1220.0
1220.05
1243.0
1250.0
1230.5
1232.0
1265.0
1220.0
1268.0
1264.0
1278.1
1310.0
1365.0
1374.0
1364.0
1367.55
1377.0
1381.65
1375.15
1365.05
1352.45
1385.0
1381.8
1390.0
1369.5
1374.0
1350.0
1383.0
1372.0
1380.05
1379.95
1387.0
1384.9
1362.0
1356.0
1363.0
1372.0
1370.0
1392.25
1420.0
1424.8
1400.6
1402.6
1480.0
1538.95
1542.25
1577.0
1519.0
1511.0
1529.0
1520.65
1580.0
1533.0
1540.0
1534.7
1513.0
1519.0
1595.0
1590.0
1568.0
1615.0
1578.4
1550.0
1539.85
1549.85
1532.0
1529.95
1510.0
1544.7
1531.1
1549.8
1548.0
1559.95
1554.5
1576.8
1640.0
1646.0
1603.1
1646.0
1585.0
1616.0
1633.85
1634.7
1705.0
1735.0
1708.0
1720.0
1740.0
1765.55
1845.0
1808.0
1855.0
1694.3
1700.0
1693.1
1666.25
1682.8
1677.9
1672.65
1695.0
1678.8
1702.0
1743.8
1735.4
1699.8
1655.0
1671.7
1680.0
1674.0
1669.8
1629.95
1645.0
1662.0
1662.95
1640.0
1607.0
1580.0
1593.95
1484.0
1637.1
1639.8
1611.55
1655.0
1655.0
1610.0
1644.0
1634.0
1697.8
1705.35
1724.0
1690.05
1686.55
1724.7
1700.0
1705.0
1681.0
1710.0
1700.0
1680.0
1665.0
1668.45
1625.0
1640.0
1618.0
1638.0
1623.8
1630.0
1643.95
1631.0
1600.0
1594.95
1565.0
1645.0
1617.95
1628.0
1626.0
1635.0
1655.15
1670.9
1664.9
1669.0
1696.15
1673.05
1690.0
1678.0
1663.0
1668.8
1653.2
1640.0
1654.0
1631.05
1633.0
1655.0
1640.0
1659.9
1655.0
1667.0
1686.3
1768.0
1834.0
1822.0
1814.9
1820.05
1814.0
1829.7
1845.0
1861.1
1979.0
2010.2
1990.8
2020.5
2006.9
2006.15
2077.9
2121.0
2154.35
2144.0
2123.0
2128.0
2103.95
2048.0
1980.0
1994.95
1981.0
1945.95
1930.0
1960.0
2030.0
2119.95
2124.8
2179.95
2199.0
2205.0
2211.2
2194.0
2193.95
2173.0
2207.05
2164.0
2206.0
2195.0
2204.0
2120.0
2122.55
2135.35
2110.7
2128.35
2070.0
2058.7
2121.0
2088.0
2007.1
1990.0
1960.0
1924.9
1982.0
2005.0
1990.55
1956.0
1935.2
1924.8
1920.0
1902.5
1923.8
1905.0
