70.2
70.15
70.5
70.2
69.0
67.35
69.85
69.25
68.0
69.0
70.95
68.05
69.0
70.9
70.2
69.8
69.65
69.4
68.3
67.9
66.1
64.65
64.1
63.85
62.5
59.9
60.7
59.75
59.65
60.0
59.3
59.6
58.3
57.7
59.1
61.0
62.8
62.35
62.5
61.2
61.25
61.85
59.0
59.35
61.0
60.75
60.8
60.15
59.5
62.45
63.75
62.2
62.25
62.0
61.5
61.35
62.8
63.15
62.9
63.3
64.7
63.45
63.65
63.7
63.8
63.5
64.55
63.35
64.0
64.7
67.05
67.05
70.7
69.4
64.8
64.0
64.85
63.45
63.85
63.0
61.75
58.1
55.0
54.8
56.55
58.85
58.25
59.0
57.2
57.85
58.0
57.95
56.65
58.0
56.1
56.35
56.3
57.75
57.55
57.4
57.35
58.05
57.05
58.6
58.65
58.95
58.55
58.8
57.55
59.15
59.35
60.35
61.0
61.05
64.45
62.1
62.0
61.35
61.35
60.8
61.6
61.25
61.05
60.35
61.35
61.85
61.45
60.25
61.9
69.0
72.0
68.05
72.8
74.5
74.4
75.0
73.2
72.9
76.45
78.5
78.85
80.85
78.2
79.05
78.05
77.9
77.3
78.95
76.05
76.35
77.85
78.05
77.95
75.0
75.2
74.7
78.05
80.0
79.45
78.15
76.1
77.4
78.3
77.35
77.15
77.2
78.35
78.5
81.65
83.0
84.5
82.1
82.0
81.25
81.0
84.7
87.9
82.0
85.0
82.2
76.05
77.75
75.1
77.85
78.0
81.0
89.0
84.0
83.25
81.45
80.0
76.2
74.25
76.9
76.1
74.55
74.0
66.55
70.9
74.4
70.05
73.0
71.1
72.8
72.3
70.0
69.9
70.6
69.95
69.55
70.1
71.25
72.5
71.5
70.5
68.0
75.0
80.45
82.8
82.95
83.1
81.3
79.3
78.0
78.05
79.0
77.15
78.5
82.5
82.9
81.0
83.9
79.9
84.45
82.45
87.1
89.55
90.9
87.65
89.4
89.3
89.95
89.65
92.65
95.9
96.05
96.05
99.75
110.7
111.5
116.8
115.05
113.0
114.0
113.5
118.1
119.0
125.5
127.15
128.8
134.0
134.9
128.95
126.6
122.95
133.7
136.4
134.0
137.0
139.25
136.05
136.0
138.0
136.6
138.25
140.0
139.9
138.25
135.9
138.0
140.0
138.95
137.0
138.0
140.0
136.95
131.6
132.95
137.5
137.5
151.9
155.4
160.95
163.2
163.0
160.6
158.95
160.45
160.15
155.1
165.95
168.35
167.95
167.5
170.0
168.5
159.1
156.85
158.2
157.1
157.7
155.2
149.25
145.3
146.4
143.25
145.75
145.75
141.35
138.2
140.45
145.0
151.75
155.1
155.9
156.05
159.75
160.95
160.85
159.6
152.65
154.1
153.05
153.6
150.0
150.1
155.4
154.5
154.0
146.95
148.25
162.5
158.15
168.8
168.9
175.85
177.25
176.25
171.95
167.0
173.0
182.0
173.8
180.0
182.45
184.2
188.45
188.0
187.6
180.15
187.8
195.0
213.0
210.6
228.5
223.5
243.2
282.5
281.7
272.25
278.8
283.5
283.0
276.5
267.0
220.0
219.0
196.1
180.0
196.3
208.25
206.8
202.25
204.7
202.1
202.45
192.8
192.05
202.75
206.0
217.0
213.4
213.95
219.0
211.5
207.9
208.7
208.9
211.25
212.65
207.9
208.55
211.35
207.8
211.0
216.5
223.2
215.5
214.1
209.35
208.9
204.0
204.9
208.05
211.2
215.0
219.5
226.5
237.3
254.3
248.3
258.5
260.45
256.7
253.35
264.4
264.9
261.0
263.0
260.2
252.5
253.0
251.0
252.0
248.3
248.2
244.0
242.0
242.3
247.7
251.5
252.95
259.55
265.0
271.0
266.9
260.9
251.5
262.8
274.0
280.9
277.4
268.85
263.95
268.2
270.7
266.45
262.15
265.15
262.5
258.0
254.0
263.15
261.8
260.0
260.0
259.7
257.0
260.0
256.5
255.5
262.4
258.75
256.9
262.9
266.9
283.1
287.75
292.0
277.0
275.0
273.05
275.0
278.0
285.75
288.0
286.5
284.0
282.0
298.85
293.8
289.5
300.7
295.0
300.0
307.0
316.1
316.5
320.95
312.85
310.8
312.35
317.65
312.0
310.5
