305.0
307.85
318.35
303.6
297.3
286.0
300.9
294.65
290.15
289.65
292.55
291.0
290.25
298.75
295.0
297.0
304.7
303.2
308.85
319.9
308.55
342.0
320.0
326.5
325.0
322.1
327.0
324.0
325.0
317.0
316.75
320.75
318.85
313.95
313.35
331.8
322.0
344.65
345.95
342.0
336.0
335.0
331.95
336.6
356.0
348.0
336.9
342.35
350.3
348.0
341.0
345.0
349.9
350.0
350.0
348.75
354.55
365.0
358.0
354.1
353.25
363.0
367.0
361.5
360.75
360.0
364.95
357.35
359.0
378.0
369.75
369.9
357.0
353.0
338.05
329.0
345.9
345.15
344.95
355.15
350.0
352.0
334.25
340.45
328.3
332.05
320.5
322.0
318.9
314.0
319.9
318.65
317.0
319.25
330.0
321.6
320.0
322.1
319.8
326.3
317.0
317.3
320.05
320.0
325.95
316.35
321.25
328.0
340.0
339.15
344.0
341.0
342.0
330.05
339.0
337.2
335.85
335.15
337.0
352.0
346.0
349.7
348.95
339.0
341.0
345.25
347.9
360.0
364.05
371.0
371.0
365.15
357.1
365.1
371.9
367.6
379.9
382.45
373.65
368.2
376.5
373.0
374.9
370.2
378.95
378.0
379.0
384.8
382.0
378.8
376.15
370.0
369.0
365.0
367.4
369.0
370.8
369.0
377.0
369.05
369.0
368.9
369.0
366.0
363.0
372.35
375.0
380.9
391.65
393.0
383.25
399.95
389.0
390.0
397.0
392.0
386.5
382.0
379.0
363.25
363.0
362.0
368.0
378.5
384.0
388.9
384.25
396.0
393.65
383.2
384.45
376.0
378.05
377.0
384.0
374.65
373.2
371.0
379.0
379.8
367.0
378.9
367.1
373.95
367.0
366.1
362.0
361.25
359.0
359.8
370.0
387.85
373.0
369.4
364.05
370.25
379.0
381.5
383.05
388.0
390.6
407.5
402.0
425.0
405.25
413.9
402.0
400.6
403.7
401.55
403.65
403.05
409.7
416.7
424.9
444.0
438.95
436.75
436.0
460.0
471.0
453.7
446.2
440.4
450.5
454.0
452.55
457.55
452.6
470.05
485.5
478.0
475.0
495.5
490.0
498.8
489.0
488.0
486.1
485.1
490.0
492.0
498.0
492.0
484.95
496.25
490.15
498.3
498.7
493.0
495.0
497.0
505.9
509.55
535.5
535.0
539.9
520.0
531.0
534.75
545.0
537.2
547.0
561.95
559.1
548.0
539.8
548.0
566.95
574.4
569.95
557.85
573.0
579.9
575.0
577.6
582.0
593.0
588.75
584.7
570.0
563.95
565.1
562.0
569.85
571.9
564.0
566.35
556.5
555.55
555.25
555.0
561.95
553.35
544.8
539.95
571.0
565.2
558.15
549.0
545.0
536.4
542.55
547.3
568.05
566.0
558.65
549.95
563.5
552.0
559.65
560.55
574.9
565.0
560.0
558.0
570.1
563.3
580.05
583.0
580.0
583.05
585.2
587.4
581.8
585.0
582.0
613.85
622.8
597.75
601.45
608.9
581.1
605.0
615.45
639.0
630.0
622.1
623.8
634.9
625.05
664.0
652.0
640.0
647.0
637.0
630.0
621.2
634.7
614.15
622.9
619.95
639.5
625.0
614.5
597.0
607.0
619.8
590.0
613.5
605.0
589.9
567.7
564.9
550.0
528.0
527.15
546.95
551.3
572.65
574.95
582.15
590.5
605.2
595.0
578.0
568.65
580.7
564.95
566.95
560.4
559.75
532.0
513.0
521.0
530.5
518.5
524.55
536.0
519.65
528.9
506.4
520.05
528.85
539.3
549.95
562.3
570.0
580.9
577.5
582.9
574.0
603.85
624.7
612.6
608.7
608.1
608.55
623.0
615.0
620.0
627.85
645.0
655.0
667.95
670.0
698.75
718.9
700.0
703.05
719.7
689.75
685.5
684.8
691.85
686.0
668.0
658.0
679.9
674.4
677.0
677.0
666.9
657.55
652.0
672.7
664.55
656.3
658.0
654.8
650.2
641.55
640.1
636.0
644.05
640.5
643.0
639.4
660.0
655.0
652.5
651.5
650.0
644.45
668.9
657.7
660.0
678.0
681.0
674.95
676.0
675.0
675.0
670.0
666.0
670.0
670.0
670.0
675.0
686.05
677.0
696.9
699.5
698.7
687.0
692.5
695.0
686.0
691.0
679.05
689.0
705.1
719.95
718.0
715.0
