111.25
112.65
115.55
113.5
113.0
110.0
113.75
113.75
111.85
114.25
113.0
117.1
120.5
121.8
122.5
119.0
119.6
117.0
115.5
116.4
115.5
119.95
119.95
116.1
116.6
123.5
121.0
121.35
120.0
116.95
114.1
114.9
113.85
116.25
116.95
118.35
116.05
117.5
121.95
122.55
120.45
121.8
118.95
118.05
119.4
118.5
118.0
119.35
119.0
118.5
121.25
119.7
120.1
127.0
133.45
137.0
132.2
133.35
133.0
131.95
137.5
135.0
145.0
134.85
137.4
135.3
134.45
135.9
138.6
141.4
141.0
142.3
141.0
142.65
139.4
137.0
139.9
139.55
143.35
142.2
135.0
134.9
132.55
130.7
139.7
136.75
134.0
138.0
134.2
136.9
136.25
136.0
131.2
130.3
130.5
134.0
134.6
133.0
132.5
132.5
139.45
138.45
136.2
137.25
140.0
143.65
141.4
142.7
143.4
144.7
148.0
146.4
143.3
147.85
142.75
140.75
140.25
146.55
144.7
142.6
143.55
145.35
142.65
142.7
143.45
142.7
142.85
139.05
142.7
143.4
146.25
143.2
140.9
144.7
150.7
152.5
151.0
151.05
148.35
146.55
145.45
146.0
142.65
142.6
142.55
144.65
151.95
153.95
154.75
150.0
149.25
146.05
150.0
152.0
153.75
146.7
153.0
157.95
154.9
159.4
157.0
161.2
158.95
158.7
160.0
160.9
159.0
159.7
160.0
170.0
166.0
168.5
167.95
167.0
168.5
167.05
168.4
160.0
160.95
157.7
152.4
156.0
158.3
170.0
163.4
165.9
165.85
162.35
165.0
161.75
156.95
158.0
156.85
157.3
161.2
159.0
159.0
152.25
152.25
158.9
158.8
155.0
152.9
152.95
151.9
150.4
149.5
149.0
148.9
150.0
159.9
154.4
158.6
158.0
155.0
157.0
152.55
152.25
148.0
146.5
146.25
146.5
149.6
152.5
153.25
154.9
150.5
157.1
166.95
159.3
160.0
159.95
160.9
159.7
157.05
158.0
160.35
160.0
162.0
162.9
169.0
170.95
169.0
168.2
163.75
163.65
163.75
160.7
164.9
165.0
169.9
168.85
165.45
170.9
169.9
172.4
172.3
174.7
170.25
167.05
167.0
167.8
178.8
170.3
173.5
170.55
170.4
174.45
177.0
167.0
172.95
173.45
170.95
171.0
173.25
172.95
173.0
172.45
169.0
170.2
170.0
174.0
169.9
172.0
173.0
170.6
169.0
167.75
169.0
169.5
172.0
181.0
178.0
177.9
179.9
190.0
188.0
184.6
183.45
179.95
179.95
179.0
179.0
178.7
179.05
178.7
179.9
182.0
180.0
181.95
181.7
180.05
178.15
183.8
181.55
185.9
180.7
183.0
185.0
184.95
184.6
185.0
183.8
190.95
188.0
185.95
182.2
184.5
185.0
188.5
189.8
189.95
188.0
189.1
196.0
195.3
196.8
195.3
207.8
189.4
189.75
188.7
191.4
188.1
190.05
188.65
191.0
188.1
187.55
191.5
192.1
189.95
186.9
185.0
192.85
204.0
205.1
200.1
200.0
203.95
201.5
199.0
202.0
198.2
206.6
213.05
208.0
203.5
197.2
193.8
197.9
197.5
198.85
192.4
192.3
185.0
185.0
187.0
180.0
189.35
186.0
181.8
179.9
175.0
174.6
176.5
174.0
174.0
172.0
176.0
171.2
174.0
171.1
175.0
179.5
174.8
173.0
173.75
172.0
171.45
173.35
172.0
169.0
169.95
166.0
167.5
169.8
169.75
169.0
168.05
168.95
163.0
168.9
169.9
179.0
179.9
179.45
182.75
184.45
179.0
176.0
180.45
178.6
179.0
187.4
186.75
180.55
180.35
179.2
177.95
179.0
179.2
180.4
180.2
180.05
182.0
182.85
185.3
184.65
186.95
185.65
188.5
187.55
187.4
188.4
185.95
188.1
187.5
188.4
188.45
190.35
188.7
187.0
186.4
187.5
186.25
187.9
188.35
191.8
189.45
188.05
189.0
188.95
189.9
186.45
182.85
186.25
180.4
176.0
171.0
169.1
172.65
174.9
180.0
180.0
183.0
187.0
192.4
187.8
184.95
186.8
187.9
186.8
190.65
196.6
197.4
198.1
197.7
198.0
196.25
192.45
193.5
195.85
193.7
197.75
193.05
196.05
196.05
193.4
196.0
195.7
196.0
197.5
193.0
194.3
