1752.0
1730.0
1783.45
1748.0
1709.0
1733.0
1723.1
1730.0
1759.95
1744.8
1780.9
1799.0
1816.25
1808.0
1794.5
1841.35
1875.0
1819.9
1836.95
1830.0
1807.4
1822.0
1818.05
1808.0
1771.1
1793.5
1790.0
1751.0
1761.5
1788.7
1770.0
1778.7
1765.0
1777.0
1802.0
1847.5
1838.0
1815.0
1824.9
1815.0
1825.0
1811.0
1844.0
1886.0
1869.0
1852.2
1832.55
1896.0
1895.0
1894.0
1874.85
1884.45
1888.0
1890.75
1896.75
1915.25
1985.0
1966.95
1951.0
1948.0
1976.75
1956.0
1910.0
1916.0
1924.0
1930.25
1966.0
1972.0
1980.95
1985.0
2002.9
2110.0
2081.95
2143.0
2200.0
2182.0
2183.0
2209.0
2300.0
2405.0
2352.5
2380.0
2260.0
2190.35
2209.0
2250.0
2249.0
2389.7
2348.0
2270.0
2240.85
2180.0
2080.2
2123.0
2045.3
2185.55
2155.0
2207.8
2199.0
2237.0
2214.85
2240.0
1106.8
1116.0
1130.0
1097.5
1127.0
1130.0
1135.0
1158.0
1138.9
1136.0
1094.95
1098.0
1101.9
1093.3
1072.0
1065.0
1072.35
1105.0
1080.0
1097.95
1092.0
1094.95
1098.0
1110.0
1127.0
1159.0
1158.0
1196.0
1175.0
1154.0
1109.8
1140.8
1119.1
1109.0
1145.1
1136.0
1124.5
1144.0
1154.5
1149.05
1152.0
1145.0
1131.1
1147.0
1143.0
1145.5
1140.0
1122.0
1131.0
1126.0
1130.0
1126.85
1110.0
1130.0
1128.95
1129.0
1120.75
1131.0
1159.0
1159.8
1167.0
1171.9
1166.65
1175.0
1171.0
1160.05
1154.0
1161.0
1147.0
1149.0
1115.0
1139.75
1128.0
1100.0
1105.0
1075.5
1088.95
1077.9
1064.85
1067.0
1069.75
1062.0
1099.8
1085.0
1139.0
1148.0
1152.0
1140.0
1120.0
1111.8
1083.0
1080.0
1055.0
1024.8
1002.0
1021.2
1003.0
986.25
973.2
998.9
975.5
1015.0
989.95
979.0
935.0
952.7
935.0
955.0
963.0
976.0
977.6
1010.7
1022.75
1010.0
1023.0
1014.5
1020.0
959.0
980.0
978.5
980.0
997.2
979.45
978.0
970.0
976.8
986.0
984.95
1010.05
1007.6
1012.8
1004.8
1010.2
1014.9
1027.0
1035.0
1009.0
1048.95
1060.0
1099.45
1067.95
1063.85
1071.0
1042.65
1059.0
1048.0
1060.1
1042.5
1060.0
1044.1
1026.0
1060.0
1068.0
1073.9
1058.0
1078.6
1060.0
1084.0
1071.95
1057.45
1046.0
1017.0
1035.05
1041.4
1043.0
1120.65
1114.9
1092.0
1118.0
1142.9
1141.0
1149.0
1148.25
1143.7
1114.75
1115.0
1123.25
1116.3
1122.55
1111.0
1111.9
1124.3
1128.0
1109.85
1081.7
1081.0
1099.0
1112.0
1121.0
1120.0
1137.5
1136.25
1142.0
1129.8
1126.2
1155.0
1170.0
1172.45
1155.5
1152.45
1152.6
1159.1
1190.5
1191.0
1206.0
1206.0
1187.0
1190.0
1197.0
1199.0
1177.0
1182.0
1175.7
1155.0
1188.0
1195.0
1185.9
1161.1
1180.05
1210.15
1261.0
1279.45
1275.6
1300.5
1306.55
1318.85
1350.0
1329.95
1335.1
1310.05
1315.0
1320.0
1317.9
1319.0
1325.0
1324.8
1339.0
1311.15
1305.05
1310.0
1351.45
1339.0
1353.95
1336.0
1339.5
1330.5
1339.0
1338.0
1320.0
1320.0
1275.5
1291.0
1305.0
1306.0
1280.0
1269.45
1280.0
1264.65
1250.0
1236.1
1215.0
1279.0
1269.35
1256.0
1282.0
1262.15
1281.0
1276.8
1277.6
1279.0
1290.0
1275.0
1267.35
1260.0
1270.0
1266.9
1175.0
1267.5
1245.0
1205.0
1180.0
1153.85
1154.0
1191.75
1180.0
1182.0
1162.6
1148.1
1155.0
1166.2
1174.45
1184.0
1140.0
1135.85
1136.0
1162.0
1119.0
1164.0
1162.0
1150.0
1161.65
1171.0
1155.4
1152.9
1162.0
1142.0
1148.0
1100.5
850.0
760.0
795.5
827.9
791.0
794.8
801.0
781.4
760.0
764.0
733.75
739.7
744.0
735.5
739.1
744.0
745.0
737.5
742.0
730.0
711.0
689.0
685.0
675.0
709.8
702.7
700.0
693.7
744.0
773.0
756.1
739.0
740.9
758.8
753.1
743.0
728.0
710.8
740.0
751.0
759.0
762.8
752.0
754.0
770.0
762.4
768.0
750.9
761.6
759.0
755.95
770.2
767.5
774.9
772.0
769.1
774.0
770.0
711.6
620.0
628.85
628.0
633.0
637.85
636.8
628.8
625.5
628.0
629.85
632.85
628.1
656.0
661.8
658.9
651.05
650.0
641.9
634.2
636.4
633.6
610.15
638.0
627.8
640.0
630.15
629.9
629.7
625.25
626.5
625.55
629.5
634.0
638.0
633.7
628.5
