643.3
661.5
635.0
622.1
623.3
620.0
581.1
638.0
639.9
644.0
641.9
643.25
630.05
658.0
674.7
667.05
665.05
665.05
647.1
664.0
650.35
650.0
660.05
649.3
620.9
618.25
634.7
670.0
653.85
672.65
670.0
655.0
649.0
651.0
659.9
666.0
685.0
717.1
723.9
672.55
667.85
673.0
662.0
685.5
678.3
675.05
685.0
691.0
698.0
695.0
693.15
716.0
729.4
711.45
700.0
695.0
716.0
724.0
714.95
734.95
730.05
753.95
749.15
760.05
763.9
812.05
798.95
834.9
827.05
875.1
859.1
935.0
931.0
921.1
889.9
903.0
926.3
916.0
959.9
950.95
931.0
920.0
884.0
885.0
908.0
886.3
875.0
905.0
900.0
890.0
909.9
914.0
877.0
880.05
890.0
910.0
932.0
923.05
917.0
914.0
945.0
940.0
911.0
939.95
940.0
945.5
920.05
922.0
930.0
912.0
885.0
861.35
841.0
817.8
780.0
823.9
820.05
809.4
777.05
782.0
764.0
741.5
754.0
736.0
762.0
746.7
744.05
729.0
740.5
732.0
730.0
721.0
713.0
743.95
734.7
731.2
745.0
750.0
725.0
732.25
765.7
800.0
795.0
785.0
792.6
785.05
778.0
778.0
771.55
774.0
779.6
772.95
767.0
767.75
760.8
731.0
742.0
772.9
800.0
823.6
821.0
825.0
800.0
814.5
813.55
834.95
822.0
823.0
830.6
825.0
800.0
799.95
815.0
815.0
812.0
796.55
796.0
782.75
777.55
751.95
701.0
714.0
710.4
715.0
724.0
770.15
722.4
760.0
794.7
799.65
790.95
777.5
791.25
805.05
808.9
801.45
800.0
767.8
774.0
789.9
774.0
780.0
765.0
759.45
743.6
762.9
724.15
742.0
736.0
736.05
750.3
765.0
768.5
760.35
760.0
770.05
777.0
761.0
765.0
765.0
760.0
745.05
763.2
768.0
747.0
764.0
774.45
763.0
789.95
765.0
782.15
790.0
782.5
776.05
780.0
837.95
845.0
866.0
868.0
864.4
887.15
870.0
880.0
872.15
887.7
872.1
880.3
876.5
882.0
885.0
891.0
920.0
925.0
1011.0
980.0
961.0
968.0
951.05
976.2
956.35
951.1
914.0
911.5
898.0
882.0
900.0
874.9
836.5
843.25
833.0
835.0
841.35
850.0
850.4
843.35
846.15
856.0
858.0
868.0
860.0
879.0
882.0
888.9
893.8
929.0
915.0
889.9
899.2
940.0
924.65
943.0
952.95
942.0
974.7
975.0
961.7
969.9
959.5
962.95
995.0
1028.95
1048.0
1040.0
1054.0
1078.7
1052.6
1079.4
1071.0
1062.6
1086.15
1080.05
1070.75
1062.05
1082.0
1075.0
1073.9
1074.95
1052.2
1040.0
1020.95
1022.95
1014.6
990.0
996.25
1003.3
982.0
998.0
987.0
1059.9
988.0
990.0
987.0
990.0
992.0
1005.75
991.0
995.0
997.25
1003.0
1005.0
973.0
971.0
975.0
971.15
964.9
1037.0
1029.7
1012.0
1091.15
1075.0
1054.1
1081.0
1055.1
1066.0
1085.0
1073.95
1069.8
1071.8
1070.9
1065.0
1064.05
1064.9
1069.75
1085.8
1097.0
1090.75
1089.95
1099.0
1091.55
1093.0
1104.25
1150.0
1159.75
1125.1
1121.0
1100.0
1105.0
1092.0
1062.0
1081.0
1075.25
1068.9
1074.9
1067.0
1064.0
1075.0
1055.0
1061.05
1062.1
1092.65
1080.1
1104.0
1109.75
1109.65
1102.7
1104.0
1107.5
1111.25
1075.8
1072.0
1069.5
1100.0
1081.0
1106.65
1122.0
1129.75
1108.95
1100.5
1093.55
1094.0
1095.0
1070.3
1080.0
1105.65
1105.85
1120.0
1116.8
1120.0
1115.05
1101.05
1100.0
1096.05
1100.15
1090.0
1123.45
1109.75
1130.85
1130.05
1121.55
1126.3
1143.9
1204.7
1214.95
1225.05
1256.05
1270.0
1265.0
1297.0
1320.6
1333.25
1338.0
1301.0
1309.0
1302.0
1301.0
1319.2
1295.0
1283.0
1299.95
1299.0
1338.45
1380.0
1344.0
1312.65
1339.0
1331.35
1318.05
1310.0
1344.0
1398.0
1380.0
1341.65
1375.9
1384.75
1369.25
1359.05
1379.95
1350.05
1325.9
1328.95
1311.0
1340.15
1329.45
1321.0
1295.0
1300.0
1311.6
1326.0
1374.95
1354.7
1355.5
1359.9
1350.0
1309.95
1302.1
1296.1
1319.1
1297.7
1292.8
1305.05
1315.1
1322.0
1325.0
1320.0
1286.2
1290.05
1338.25
1339.95
1305.05
1323.05
1337.9
1330.0
1326.05
1341.0
1325.05
