3000.0
3118.8
3142.8
3288.0
3112.0
3051.5
3145.0
3143.0
3173.0
3167.9
3174.9
3180.0
3179.0
3215.0
3205.0
3227.3
3208.65
3212.25
3280.0
3320.0
3352.0
3585.0
3575.0
3482.95
3290.0
3298.0
3325.0
3277.8
3240.0
3295.0
3218.0
3250.0
3236.1
3279.0
3304.0
3387.7
3430.0
3404.0
3405.0
3352.0
3374.55
3386.35
3347.95
3379.0
3419.8
3424.7
3396.0
3394.0
3424.0
3430.0
3444.9
3450.0
3455.0
3515.0
3547.7
3705.0
3664.0
3669.9
3628.0
3696.95
3779.0
3909.0
3718.0
3773.7
3975.0
3939.2
3986.0
4150.0
4140.0
4054.0
3990.0
3961.95
3915.0
3822.0
3760.0
3775.0
3865.0
3800.0
3749.95
3648.6
3600.0
3509.0
3210.1
3305.0
3395.0
3443.0
3485.0
3341.05
3260.0
3300.0
3300.3
3228.0
3170.0
3349.95
3305.0
3465.0
1150.0
1095.0
1098.85
1098.5
1095.0
1111.0
1089.0
1159.9
1182.0
1169.0
1160.0
1140.0
1155.9
1210.0
1188.0
1204.7
1207.0
1213.0
1200.1
1184.5
1196.9
1190.0
1196.9
1197.8
1256.0
1239.0
1224.0
1196.3
1216.5
1211.55
1255.0
1244.0
1241.0
1265.0
1249.95
1241.65
1228.55
1293.0
1255.0
1265.0
1235.0
1250.35
1255.0
1236.15
1250.0
1262.0
1256.0
1255.1
1280.75
1262.0
1255.25
1244.95
1210.0
1213.0
1239.4
1217.9
1212.0
1199.0
1195.0
1171.0
1189.0
1192.2
1200.0
1205.0
1223.0
1255.0
1274.9
1285.0
1324.95
1310.65
1353.0
1360.85
1377.0
1371.85
1379.0
1365.0
1353.0
1305.0
1292.0
1342.0
1350.0
1322.0
1313.5
1252.0
1240.0
1225.5
1221.0
1189.9
1211.4
1219.95
1208.0
1231.0
1245.0
1239.0
1213.5
1225.1
1221.0
1236.0
1210.0
1212.0
1180.0
1125.0
1140.0
1175.05
1109.0
1139.0
1130.0
1138.9
1165.5
1119.0
1100.0
1074.0
1058.5
1025.0
1052.0
1060.0
1084.95
1105.0
1086.0
1096.1
1083.9
1091.0
1078.0
1070.0
1075.0
1094.0
1105.0
1190.0
1194.5
1212.3
1170.6
1196.0
1219.0
1208.0
1215.0
1202.25
1186.0
1175.0
1160.0
1172.0
1154.9
1196.3
1197.0
1206.15
1202.0
1152.0
1174.8
1170.0
1193.65
1218.0
1189.85
1170.15
1194.7
1173.0
1148.8
1146.8
1144.75
1154.8
1156.0
1157.0
1159.0
1150.0
1140.0
1130.1
1150.0
1123.0
1105.8
1099.9
1111.0
1112.1
1134.0
1195.0
1195.9
1184.0
1161.8
1175.0
1147.0
1191.0
1230.0
1283.0
1265.0
1259.7
1253.1
1250.0
1267.0
1278.0
1251.0
1296.0
1283.0
1264.1
1202.0
1255.0
1259.4
1255.3
1280.0
1270.0
1279.8
1278.95
1288.0
1272.8
1265.9
1262.0
1265.0
1250.0
1281.6
1259.7
1247.95
1243.0
1251.05
1237.3
1237.45
1250.5
1230.0
1238.0
1224.0
1236.0
1254.95
1239.0
1243.8
1238.4
1240.0
1244.9
1242.0
1231.9
1215.0
1230.9
1238.0
1232.0
1230.0
1229.0
1223.4
1221.95
1227.0
1209.1
1221.05
1216.15
1223.75
1221.8
1225.0
1219.85
1224.0
1210.0
1206.0
1195.1
1204.0
1199.8
1226.95
1223.0
1242.0
1244.0
1259.0
1260.0
1253.0
1267.95
1288.0
1284.5
1243.65
1244.8
1282.75
1278.7
1274.0
1272.2
1274.9
1258.45
1248.0
1279.85
1267.0
1285.0
1272.0
1275.95
1272.85
1269.0
1268.25
1252.05
1300.0
1310.0
1330.0
1316.0
1303.0
1312.9
1311.0
1307.75
1269.0
1316.0
1346.9
1317.4
1308.0
1296.55
1307.25
1307.9
1285.0
1309.0
1284.0
1311.4
1299.0
1399.85
1407.3
1439.1
1435.45
1428.7
1444.0
1466.9
1487.3
1504.0
1500.0
1500.0
1477.3
1402.0
1449.0
1455.0
1447.1
1419.9
1413.0
1400.25
1390.0
1360.0
1380.0
1366.05
1377.45
1385.0
1372.0
1434.0
1440.0
1435.35
1416.25
1468.95
1543.0
1531.45
1555.0
1528.65
1541.9
1514.7
1515.0
1487.0
1480.0
1528.0
1531.0
1517.0
1590.0
1583.95
1549.7
1563.95
1546.0
1549.5
1540.0
1576.0
1576.9
1564.4
1550.0
1533.0
1522.75
1528.8
1534.15
1528.0
1540.0
1514.0
1508.0
1508.9
1510.4
1517.0
1521.65
1500.0
1499.9
1540.0
1531.9
1522.65
1560.0
1590.0
1574.9
159.4
165.95
161.65
162.5
158.2
154.75
157.55
155.5
159.0
158.9
156.1
154.0
159.2
160.5
161.85
164.95
167.6
173.0
177.9
174.95
170.0
172.3
174.25
180.15
180.1
181.5
182.7
180.45
181.3
181.4
181.3
183.6
179.05
180.05
179.5
180.85
180.4
185.75
182.3
180.0
