660.1
679.95
686.9
686.0
630.1
649.95
685.0
690.05
686.65
721.65
725.85
780.0
768.0
764.55
746.9
707.95
728.95
736.7
733.0
747.0
770.3
774.0
780.05
745.0
721.0
719.35
720.05
729.5
728.9
720.0
696.0
701.0
700.05
699.35
706.5
725.05
725.95
722.0
721.9
714.95
715.0
701.0
709.0
712.05
720.6
720.55
711.0
696.7
693.0
707.6
713.8
695.0
747.25
730.0
738.0
746.45
784.7
780.25
752.3
777.9
788.5
775.55
772.3
770.1
782.55
874.7
867.9
869.95
859.95
833.0
833.85
814.0
815.0
825.0
789.0
800.0
788.0
800.85
783.5
765.1
760.0
700.0
677.25
690.0
720.0
745.1
736.95
700.55
680.3
691.0
676.85
657.1
621.05
637.45
625.0
633.4
641.55
645.0
628.75
650.0
665.0
680.1
690.0
684.0
688.1
680.0
667.0
660.65
661.0
645.6
666.0
665.05
655.3
705.5
734.9
739.95
749.95
770.0
755.05
732.95
712.3
732.05
738.05
737.05
734.0
753.85
735.05
688.5
715.05
711.35
703.0
702.0
651.0
642.05
660.0
649.85
640.0
635.4
632.5
605.0
618.0
621.2
627.15
645.0
649.8
628.0
608.2
615.1
612.0
610.85
610.0
602.0
593.0
583.1
597.95
595.5
615.1
613.0
612.1
644.9
641.5
620.0
643.0
620.0
668.9
660.0
660.0
648.0
636.0
649.95
630.1
666.45
680.0
704.9
737.3
758.0
745.0
662.0
749.0
709.0
648.75
647.35
655.0
642.0
651.0
665.0
673.0
636.0
675.0
658.0
626.0
630.0
612.0
595.0
581.35
565.0
550.05
530.0
559.0
531.65
500.0
510.65
530.0
509.45
520.0
501.0
492.0
507.0
490.0
488.75
491.5
498.8
500.0
515.45
490.15
508.05
510.05
513.75
512.0
500.95
494.8
507.1
518.0
533.7
523.1
543.0
537.75
531.3
516.65
523.05
553.0
576.0
560.5
570.0
576.0
590.0
593.85
614.0
580.0
597.7
607.0
582.75
591.0
575.05
582.7
581.05
575.0
581.5
572.5
570.0
559.0
558.4
565.05
575.5
565.0
580.0
566.15
561.3
565.0
555.0
543.9
553.95
554.0
549.5
514.2
518.0
540.0
527.2
498.05
518.0
491.0
485.45
499.8
485.0
481.0
502.5
511.4
553.0
562.0
548.95
554.05
563.0
548.8
553.95
531.0
529.0
501.0
511.5
510.05
500.05
501.05
515.35
543.0
534.9
532.0
505.0
506.05
516.0
545.0
536.0
534.3
538.6
526.05
538.65
581.7
550.1
541.55
552.0
540.0
533.25
518.05
526.3
530.0
525.95
531.0
531.3
518.0
539.9
536.35
520.05
510.45
506.8
510.0
505.0
510.0
507.45
505.0
514.05
506.0
499.0
490.9
487.0
488.0
485.5
475.2
484.0
480.0
482.15
472.0
480.0
490.0
476.1
481.0
512.0
512.3
500.05
520.0
512.25
519.25
510.0
517.4
504.2
488.95
504.45
496.0
504.05
499.95
514.0
504.95
491.35
495.0
485.0
497.5
515.0
550.0
573.8
563.0
563.0
540.0
540.05
530.0
513.0
525.0
515.05
510.0
508.05
514.0
515.0
432.0
520.0
510.0
521.0
481.0
490.0
509.2
524.7
510.05
505.0
510.7
510.2
500.0
512.35
506.9
528.65
522.9
529.55
529.55
605.2
584.0
572.65
616.0
616.0
621.0
609.85
616.95
605.0
594.0
614.95
600.3
611.95
585.0
580.0
591.0
599.9
600.0
600.0
603.8
637.95
641.0
632.7
639.95
690.0
681.35
694.95
680.0
673.8
684.95
673.0
651.0
650.05
640.0
656.0
676.0
675.0
660.0
649.0
653.0
653.0
620.0
632.85
631.15
655.0
665.25
667.85
645.2
644.1
622.8
604.95
592.0
600.0
605.0
615.0
619.9
600.0
595.05
595.0
600.0
602.45
623.95
615.75
594.25
609.95
605.0
605.0
613.0
602.75
599.95
605.0
595.1
598.8
603.95
595.4
595.0
594.95
593.3
581.65
587.85
593.0
599.7
612.1
618.0
611.05
642.8
643.05
664.95
627.35
633.35
629.0
610.35
652.0
634.9
625.0
618.0
633.7
610.2
625.0
613.85
642.5
632.0
629.0
639.85
631.9
618.0
610.0
620.0
