159.9
163.75
164.45
160.65
152.0
151.85
152.85
154.0
147.4
146.0
148.0
148.45
154.0
155.0
155.0
153.55
153.65
151.55
149.25
149.0
152.85
157.5
162.25
162.0
162.0
163.65
168.0
167.95
166.05
166.95
160.0
160.0
168.0
170.5
174.0
171.1
170.25
172.0
177.9
175.05
177.6
172.5
173.8
175.85
177.5
176.15
175.95
179.6
175.0
176.15
177.7
174.4
186.0
194.0
199.95
198.0
212.35
243.85
226.9
232.0
228.95
225.0
233.3
231.95
232.85
233.0
233.4
230.1
232.0
234.0
235.7
235.0
248.85
249.0
237.9
230.6
245.2
240.6
249.3
257.0
242.4
226.0
218.35
215.9
235.0
231.1
235.0
234.0
234.0
234.0
230.0
221.8
224.55
229.7
224.95
226.0
228.0
227.0
226.1
229.0
219.3
226.9
218.0
216.55
221.5
220.0
226.75
230.8
238.4
239.5
248.25
246.0
247.1
245.05
253.5
250.0
255.75
257.3
255.0
257.55
264.9
275.0
245.5
241.9
242.7
239.85
235.2
230.0
227.5
230.0
230.7
232.2
226.5
227.75
226.55
229.0
223.75
225.1
224.4
224.7
224.85
228.9
232.75
235.5
234.95
239.25
245.15
247.05
246.2
243.0
249.8
248.5
239.25
237.05
241.0
236.0
235.35
233.05
238.0
246.45
244.8
250.75
248.15
246.9
245.1
243.9
240.5
239.8
239.45
237.25
236.15
237.5
231.85
237.2
232.55
233.3
226.05
218.0
212.6
207.8
197.05
188.9
191.45
197.85
202.8
217.0
214.1
217.0
217.85
220.6
212.05
216.5
212.0
207.35
203.0
194.0
192.45
176.2
182.7
190.0
190.9
192.0
200.5
201.0
203.85
195.0
196.0
192.15
196.0
186.0
189.9
196.0
210.4
209.95
210.0
209.05
204.8
202.9
203.4
205.2
201.6
199.2
195.8
195.15
198.0
193.2
193.9
191.2
190.4
191.65
199.65
198.0
198.0
201.0
200.3
203.65
207.7
217.0
211.0
212.0
205.5
207.15
206.0
208.5
217.9
215.8
208.9
206.0
206.0
205.05
203.1
197.75
198.0
197.7
192.5
193.75
192.2
195.8
194.75
195.7
196.8
196.5
193.6
194.4
192.6
192.0
196.0
195.95
203.7
201.75
206.5
204.2
196.2
201.55
207.75
216.1
214.45
220.7
220.0
220.75
219.7
222.6
218.15
221.45
225.3
227.45
216.0
218.0
222.6
222.0
234.9
241.4
247.0
245.9
249.6
244.2
242.5
245.5
247.1
241.75
246.5
241.2
240.95
248.7
243.3
253.9
250.7
248.75
245.15
245.35
242.75
245.0
245.75
249.0
252.05
252.0
268.4
252.8
256.0
251.5
260.05
255.25
260.0
264.5
266.05
269.8
269.8
265.0
260.2
275.0
274.0
274.45
275.25
281.5
280.8
283.45
275.35
278.0
278.0
268.2
267.95
272.0
280.75
275.0
270.05
278.35
273.0
271.35
270.1
269.0
267.95
270.95
254.8
264.75
270.2
267.4
266.25
263.2
273.9
272.5
266.0
261.4
261.95
270.6
269.8
271.1
272.9
270.2
269.0
267.15
250.0
251.0
248.0
242.0
249.0
244.0
244.8
247.95
229.0
253.0
246.0
238.0
235.2
236.95
234.5
232.5
219.6
221.65
224.4
224.0
226.6
221.9
220.65
224.95
220.2
220.55
218.0
221.25
219.05
221.25
218.05
217.0
218.0
215.5
221.4
223.45
222.0
221.0
220.0
221.7
225.0
224.1
227.95
228.25
231.0
230.6
229.0
233.8
230.9
230.5
227.4
229.3
228.05
227.5
227.5
225.15
226.9
227.5
236.0
238.65
235.05
241.95
234.0
235.35
227.2
219.4
214.55
216.2
219.5
226.0
226.95
226.05
226.9
230.2
230.35
231.4
239.0
237.95
242.2
241.85
247.0
246.2
239.6
238.0
242.05
246.75
242.9
235.55
237.95
235.5
266.0
248.7
246.1
259.85
255.1
248.5
250.0
250.95
252.4
248.6
247.1
249.0
250.0
263.7
275.9
278.0
278.0
286.95
285.8
297.55
296.5
298.65
295.95
299.9
289.0
294.5
297.9
293.8
288.0
294.0
299.3
304.45
298.8
297.85
303.0
301.85
288.5
290.0
287.0
279.25
283.2
280.05
280.75
284.0
282.0
