1960.0
1959.5
2000.0
1975.0
1922.0
1958.0
1965.0
1993.65
1951.75
1960.0
1935.0
1970.0
1987.3
2040.0
2048.9
2044.0
2050.5
2020.0
2007.0
1975.2
2004.85
2032.8
2048.1
2018.2
2030.0
2030.0
2020.0
2003.75
1990.0
2035.95
2005.0
976.95
994.35
1011.0
1005.6
1010.3
1004.9
1025.0
1015.0
999.2
999.0
987.0
990.0
989.0
999.0
988.0
985.0
985.0
979.0
957.5
948.1
941.0
955.0
970.0
987.7
991.0
1001.4
1035.0
1105.0
1103.95
1095.55
1086.9
1068.5
1074.0
1090.0
1078.55
1078.0
1078.0
1062.0
1094.0
1079.5
1098.0
1098.8
1115.0
1147.0
1165.0
1150.0
1150.0
1170.0
1159.0
1140.9
1109.95
1100.0
1089.8
1088.0
1101.6
1134.85
1090.0
1098.0
1110.15
1103.0
1084.95
1062.0
1087.1
1084.9
1091.55
1099.0
1099.4
1108.0
1111.8
1100.0
1115.0
1107.45
1113.5
1139.95
1102.0
1134.4
1169.9
1173.0
1187.05
1156.0
1136.4
1136.0
1199.0
1107.45
1091.45
1099.9
1099.0
1102.0
1113.0
1125.0
1141.8
1154.0
1150.0
1144.5
1153.1
1145.0
1130.0
1133.4
1150.1
1142.95
1123.0
1120.0
1127.5
1118.0
1099.95
1083.65
1080.0
1041.0
1030.25
1048.0
1050.0
1050.0
1040.95
1058.0
1070.0
1088.0
1079.95
1061.0
1049.0
1055.3
1045.05
1043.0
1036.6
1054.0
1049.5
1073.25
1083.4
1100.0
1103.4
1077.0
1097.45
1095.05
1102.05
1090.0
1101.25
1101.1
1090.15
1100.0
1099.95
1085.5
1074.65
1060.05
1061.5
1056.3
1062.0
1057.0
1066.0
1148.0
1139.9
1135.0
1134.0
1135.0
1148.1
1140.25
1146.45
1136.0
1138.0
1170.0
1176.85
1167.8
1160.05
1175.5
1163.75
1128.3
1108.0
1111.0
1094.7
1096.25
1087.0
1081.75
1100.0
1119.2
1131.0
1130.25
1119.5
1125.4
1120.15
1129.5
1094.8
1137.05
1168.0
1175.6
1163.0
1145.0
1162.9
1146.2
1146.0
1144.0
1141.9
1156.9
1162.8
1188.0
1191.25
1190.0
1232.4
1199.0
1197.6
1210.25
1216.0
1213.55
1242.0
1228.0
1208.4
1175.85
1165.8
1180.5
1194.95
1250.0
1244.0
1251.0
1226.3
1212.05
1215.45
1229.2
1231.0
1211.45
1210.0
1202.75
1181.0
1195.15
1189.8
1182.0
1202.5
1198.5
1203.9
1206.0
1210.2
1220.0
1199.0
1210.95
1205.0
1203.4
1191.05
1194.1
1210.1
1231.6
1241.5
1265.0
1246.05
1255.0
1260.05
1264.9
1267.0
1263.95
1226.25
1175.4
1176.8
1182.4
1183.7
1189.5
1189.0
1181.0
1211.2
1204.0
1197.3
1188.0
1172.05
1162.8
1169.0
1180.5
1180.0
1176.2
1185.0
1168.7
1163.0
1167.4
1180.0
1180.0
1195.0
1189.5
1077.25
1088.6
1070.0
1079.0
1070.0
1063.0
1070.35
1084.7
1085.4
1072.6
1071.5
1079.9
1085.65
1086.4
1072.0
1069.0
1077.0
1076.0
1081.7
1075.05
1042.0
1049.95
1036.5
1030.0
1018.0
1020.1
1047.0
1055.0
1036.0
1017.6
1032.45
1037.1
1038.0
1039.05
1038.25
1048.0
1045.0
1037.0
1025.25
1053.95
1045.6
1049.0
1046.0
1053.3
1054.0
1059.0
1057.0
1042.75
1035.05
1040.0
1044.95
1031.1
1035.5
1040.0
1049.2
1045.0
1029.95
1017.0
1021.4
1052.9
1034.95
1030.0
1042.0
1044.75
1035.0
1037.5
1036.5
1017.0
1017.9
1005.2
1001.0
1006.8
984.8
981.05
967.0
985.0
986.9
930.0
962.5
940.0
924.0
930.0
934.25
930.0
926.9
916.9
922.1
928.2
930.45
979.3
978.8
973.0
976.0
964.8
965.9
961.8
968.0
970.05
985.0
982.8
980.5
991.0
997.4
1003.8
1006.1
1002.0
1016.0
1002.5
984.9
988.0
982.75
1002.95
1003.75
998.0
1011.1
1004.1
995.05
1001.6
994.9
972.25
977.0
974.2
977.55
1030.0
965.0
956.25
958.1
951.0
950.0
945.0
950.0
946.1
933.85
937.5
941.5
921.1
917.0
933.8
937.25
933.0
936.0
937.0
946.25
972.85
980.0
989.2
991.0
1013.75
996.5
1022.1
1015.0
998.9
1007.3
1011.85
1012.0
1024.4
1010.25
1020.05
1022.0
1016.9
1007.8
1015.0
1022.8
1034.9
1013.3
1035.4
1026.55
1020.9
1022.45
1028.25
1038.0
1027.2
1031.5
1034.3
1034.0
1023.25
1032.15
1005.0
998.15
1000.9
984.9
956.05
970.0
970.0
930.0
924.75
923.0
921.5
934.8
917.5
925.9
929.95
916.0
926.85
924.0
926.5
937.0
936.0
938.0
950.6
947.15
946.85
953.0
963.5
