1320.0
1306.35
1347.85
1430.55
1352.0
1317.0
1334.9
1335.5
1322.1
1332.4
1334.0
1337.6
1364.0
1381.5
1381.35
1393.4
1385.0
1372.95
1374.9
1375.0
1357.1
1400.0
1390.55
1363.8
1350.05
1357.1
1360.0
1349.0
1330.95
1338.1
1272.2
1312.95
1267.0
1296.25
1298.55
1308.5
1336.95
1359.4
1380.0
1375.0
1390.0
1358.0
1378.0
1379.6
1414.0
1443.0
1440.0
1449.95
703.85
711.0
707.0
712.9
714.95
710.95
713.95
737.0
735.2
735.0
719.1
729.0
720.0
719.5
717.9
731.95
733.5
697.25
694.95
694.0
695.0
694.2
705.9
708.0
706.85
702.95
688.0
692.5
718.8
719.85
704.7
712.95
689.6
672.0
658.0
639.45
625.0
659.0
642.0
646.8
617.95
609.7
623.8
605.25
604.0
628.1
623.8
633.0
631.9
642.65
643.3
643.0
659.1
669.9
631.0
658.0
653.05
631.05
653.0
646.0
649.9
659.0
655.25
663.5
655.95
661.15
660.6
656.0
655.5
651.5
659.95
659.0
653.95
664.0
668.85
661.5
658.7
673.0
664.9
688.0
688.1
687.5
671.9
648.5
643.1
653.1
657.0
653.4
666.0
680.8
671.05
675.95
680.05
688.4
683.1
680.1
685.2
697.7
693.5
691.0
676.0
671.9
664.95
668.0
672.7
669.4
682.0
663.9
673.95
689.9
696.9
698.65
702.0
705.8
701.7
701.0
699.05
708.0
708.0
706.15
720.0
727.0
708.1
704.0
697.5
694.2
690.0
699.9
698.05
682.0
679.4
676.0
670.05
660.0
671.5
671.0
685.0
680.0
675.0
664.5
683.15
687.0
672.0
670.4
677.0
694.75
667.95
677.0
667.0
630.0
627.0
629.9
619.0
630.0
632.55
634.0
639.0
620.35
621.0
614.0
615.0
620.0
647.25
658.0
658.0
664.95
649.95
670.0
657.0
649.9
637.9
636.5
655.9
650.0
660.05
660.05
666.0
664.45
670.05
675.05
677.1
682.0
681.5
684.0
669.0
667.0
658.1
670.9
669.85
687.0
691.1
687.4
689.0
680.05
671.1
679.95
702.4
715.0
699.0
714.2
719.0
706.05
713.9
706.05
703.0
717.75
717.8
735.7
727.0
708.1
719.0
708.0
708.25
709.9
706.0
702.9
704.0
716.1
734.4
748.7
743.3
749.75
749.0
750.0
770.1
770.0
768.1
761.9
751.1
746.0
758.5
757.0
765.9
756.0
741.8
750.1
747.0
741.0
730.0
723.05
738.4
745.0
759.9
764.0
755.5
744.45
741.0
745.1
750.95
765.0
763.45
779.0
779.0
775.0
779.5
778.0
786.5
762.0
761.95
765.5
752.1
756.0
751.5
766.0
750.3
759.0
759.75
759.8
777.0
772.8
769.7
761.0
771.9
766.5
771.0
766.9
785.95
780.0
773.35
779.0
778.0
782.5
780.7
781.9
795.0
813.0
812.0
819.9
818.85
804.75
819.7
811.95
813.9
806.95
810.9
808.4
802.0
794.1
799.0
795.7
792.15
785.25
783.0
787.5
772.0
788.95
790.9
794.8
782.0
782.6
784.9
778.0
776.0
782.9
774.9
779.0
781.9
770.05
781.9
789.95
783.0
812.0
806.55
826.0
819.9
799.9
803.7
809.8
807.6
802.8
778.8
828.2
813.0
818.5
796.85
766.1
780.95
780.0
765.2
772.0
760.0
747.0
744.4
748.0
746.0
755.0
740.0
726.0
731.0
735.55
736.1
749.5
746.0
728.0
730.3
718.8
725.0
719.0
721.0
717.1
718.5
705.1
711.9
707.15
712.0
710.0
714.1
720.0
714.95
713.0
702.85
698.0
718.0
711.1
715.0
732.45
731.5
726.1
732.8
725.1
731.0
732.75
722.5
737.5
747.5
798.0
786.0
777.0
777.5
779.0
769.5
770.0
769.0
774.4
769.9
771.1
779.8
793.9
791.2
785.0
805.0
801.9
799.15
799.8
798.5
807.5
801.9
802.1
827.5
816.0
812.9
820.0
823.05
826.0
835.05
843.0
837.0
849.2
852.95
855.0
855.0
853.0
863.15
871.0
879.35
877.5
864.1
862.5
865.0
877.0
880.0
885.0
890.0
877.7
872.7
881.0
879.0
885.0
890.0
879.1
876.6
890.0
878.0
899.0
899.7
907.95
917.5
902.05
920.05
917.25
908.95
907.5
910.0
911.0
933.05
940.0
955.0
