34.7
34.35
35.85
35.7
34.8
35.2
35.35
34.55
34.35
34.35
36.7
34.1
34.2
33.8
33.5
33.0
32.7
33.0
32.3
32.4
32.25
31.7
32.3
31.0
30.55
29.95
29.0
27.3
28.05
27.85
27.15
28.25
28.55
28.6
28.3
29.7
28.4
29.65
29.05
28.55
28.0
27.6
28.0
28.4
28.05
27.75
27.5
28.35
28.3
27.7
28.0
27.75
28.1
27.9
29.0
28.75
28.25
27.7
27.0
27.2
27.0
26.65
26.25
25.55
27.2
26.15
27.0
27.0
26.9
27.15
27.15
26.5
25.7
25.3
24.0
23.9
25.35
25.05
25.2
25.25
24.45
24.5
22.65
22.75
22.5
22.8
23.0
23.2
22.6
22.7
22.6
22.05
22.5
22.4
21.0
20.85
21.9
23.0
25.45
24.75
24.95
24.4
22.75
22.65
22.65
22.6
23.2
24.25
23.95
24.2
24.85
24.9
24.5
24.9
24.8
24.45
24.35
24.2
24.05
24.05
24.35
24.2
24.05
24.15
24.25
25.05
25.25
24.1
24.3
24.35
23.35
22.9
25.0
22.6
22.9
23.3
22.8
23.2
22.9
23.1
23.05
22.5
22.5
22.25
25.8
25.6
26.7
26.65
27.2
26.8
26.5
26.2
26.0
25.3
25.8
26.1
28.85
27.95
27.7
28.5
29.2
29.4
28.9
29.6
29.4
29.45
28.6
28.75
29.45
29.4
29.0
29.25
29.5
29.15
30.1
30.4
29.15
27.95
28.5
27.0
27.05
27.65
27.05
26.9
27.1
27.45
27.0
27.1
28.65
29.25
28.1
29.25
28.3
30.0
29.0
29.3
29.85
28.55
30.2
32.4
30.0
31.05
32.0
31.65
30.75
30.65
30.8
30.05
31.05
30.4
32.0
32.0
32.3
32.25
33.05
34.05
35.25
34.3
35.65
34.8
35.4
35.95
36.3
35.9
35.0
34.8
34.15
35.7
35.2
35.15
35.45
35.0
35.25
34.75
36.25
38.0
37.85
38.0
38.15
38.1
39.9
39.0
38.7
39.75
40.1
40.3
39.75
40.05
40.0
38.9
39.0
39.7
39.55
40.75
40.5
41.65
44.9
51.1
47.95
48.5
48.85
50.35
49.0
53.55
54.8
53.55
52.0
54.0
53.1
53.8
54.65
54.0
57.0
56.1
58.65
58.5
57.55
57.0
56.6
57.6
58.45
59.7
58.1
60.2
64.6
64.75
60.0
66.5
66.2
66.7
67.95
69.7
72.85
78.0
76.95
79.1
79.3
78.5
77.4
74.0
73.8
74.4
75.4
75.35
77.0
74.95
75.45
76.5
77.85
79.0
81.25
82.1
87.25
88.15
84.5
86.65
87.0
92.25
89.7
88.2
85.15
86.45
87.6
86.4
87.65
87.7
87.7
86.65
85.7
82.0
83.6
85.0
85.45
85.6
84.0
87.2
87.1
90.9
93.3
86.0
90.0
96.0
96.95
96.9
97.1
96.6
97.2
98.0
97.45
97.45
99.0
97.8
88.0
92.5
95.1
93.7
93.5
93.4
93.0
91.7
94.65
94.4
97.1
105.0
103.0
103.0
100.0
99.0
104.3
102.85
100.35
102.85
102.5
101.5
101.5
101.1
99.5
100.0
87.0
100.9
98.9
90.0
77.0
78.75
78.5
76.0
71.0
75.85
77.5
73.5
72.75
73.0
78.0
78.75
73.25
73.75
72.35
74.95
74.85
74.5
73.15
71.35
70.5
68.7
69.2
66.85
63.15
60.7
62.6
60.3
60.7
59.0
62.8
65.65
68.0
68.25
69.1
73.2
70.4
71.0
71.75
71.15
72.25
73.9
74.5
74.4
79.35
80.4
81.85
79.0
76.7
78.4
78.7
80.95
79.75
81.2
78.65
84.95
88.6
94.0
91.8
93.0
100.0
99.05
99.8
96.75
98.6
99.0
101.7
103.95
102.8
101.6
99.3
98.1
96.5
98.4
100.7
99.8
100.0
99.65
97.65
96.4
90.0
93.8
93.75
93.95
94.7
93.45
93.6
90.95
89.45
94.3
96.55
98.65
103.0
100.8
98.2
98.5
99.25
98.4
94.85
96.5
95.5
95.25
94.0
94.5
92.7
92.9
93.9
98.0
95.95
95.3
94.25
95.8
94.45
93.35
94.35
94.0
92.8
91.5
90.75
95.75
97.1
95.0
94.15
