187.5
184.05
185.0
184.9
182.55
182.9
188.0
190.95
187.05
189.05
191.6
193.0
198.0
199.5
196.3
198.0
201.05
198.95
197.9
202.0
200.25
212.0
211.0
203.8
198.0
200.8
196.9
193.55
195.9
201.55
199.0
198.75
206.8
207.8
212.0
225.65
223.7
221.75
225.0
220.0
231.5
227.0
228.85
228.5
238.9
238.8
237.8
243.0
231.0
229.9
229.0
227.25
233.5
238.45
235.3
235.5
235.45
236.35
228.4
232.2
231.3
229.0
224.5
230.0
228.9
232.5
246.0
244.3
238.75
236.3
243.2
240.6
229.8
216.95
208.0
211.85
213.85
214.0
211.45
209.8
204.8
195.5
179.75
172.0
180.0
191.0
186.35
185.9
183.1
181.0
184.9
177.0
176.25
185.25
185.0
187.0
187.4
191.8
193.0
191.0
185.4
190.0
186.65
186.25
187.9
186.9
188.9
192.8
191.2
197.0
200.0
200.5
198.6
196.95
196.25
202.5
209.65
214.9
211.2
211.0
209.05
207.8
204.0
200.55
199.05
201.85
201.6
196.4
196.4
194.9
197.0
187.65
179.0
189.85
189.3
190.0
188.5
189.5
196.2
193.4
211.5
212.8
213.2
209.0
218.5
221.5
213.5
227.3
231.25
225.25
223.2
224.0
216.0
211.5
214.3
202.55
215.3
222.7
219.05
220.25
221.15
220.55
218.8
220.5
229.0
227.65
235.0
235.5
242.5
244.15
245.7
240.15
235.5
224.4
230.8
229.2
228.1
222.0
223.0
209.05
195.5
206.9
210.8
210.0
213.6
212.0
198.1
192.0
190.15
191.0
187.25
184.5
178.95
181.65
180.6
177.5
165.0
151.95
156.6
158.95
146.6
150.0
152.65
154.7
150.9
147.5
152.45
150.75
149.9
151.95
164.0
161.0
159.2
164.2
163.45
164.8
165.7
163.15
162.5
160.6
162.25
161.9
162.0
166.0
169.7
167.6
164.7
163.4
167.0
168.0
172.1
171.5
169.0
166.25
163.5
162.6
164.05
170.5
173.9
173.3
173.6
178.0
180.0
183.6
183.0
184.8
180.65
178.15
179.95
180.0
173.05
173.6
174.15
174.9
180.0
184.0
185.5
179.2
177.1
183.5
182.6
180.6
178.05
176.4
177.1
175.05
181.3
180.3
181.15
182.0
183.5
195.45
192.9
190.75
194.5
194.65
193.0
191.0
191.7
194.0
196.9
201.9
198.9
201.3
201.3
197.6
195.55
195.0
198.35
203.7
203.95
204.05
209.0
211.5
211.0
208.6
208.0
208.1
216.0
209.5
209.7
208.3
205.25
205.9
212.4
223.5
225.35
230.55
224.15
228.35
226.2
228.15
223.85
224.15
217.7
218.5
222.3
229.0
227.2
221.0
218.5
217.8
223.4
228.0
230.0
236.8
233.9
244.9
252.8
261.0
264.5
265.1
263.3
261.95
271.0
270.8
275.9
268.9
269.0
261.0
252.2
262.0
258.3
257.0
266.85
262.05
261.0
261.0
257.15
256.0
252.0
257.05
242.7
250.7
254.1
255.5
255.1
260.35
265.0
264.8
256.4
254.2
257.8
264.9
261.0
267.0
269.7
277.85
273.0
269.5
268.4
271.7
272.0
268.4
261.85
252.8
250.0
252.2
243.0
268.0
266.2
268.0
264.9
268.15
268.0
285.65
274.8
277.8
276.55
278.1
281.0
295.95
294.0
293.0
300.7
289.95
301.3
300.2
305.0
307.7
309.0
314.2
312.8
301.35
306.0
307.35
318.0
314.8
318.9
316.9
323.45
303.0
319.7
327.95
159.1
152.0
154.0
155.2
154.5
155.25
153.4
158.4
157.9
156.8
155.15
153.95
154.7
153.55
152.45
149.6
145.9
149.3
150.8
152.3
155.05
151.3
148.25
153.4
149.55
151.0
153.0
150.4
160.0
159.25
157.4
152.0
150.3
146.15
148.75
153.0
152.45
153.5
150.7
148.0
148.15
150.9
149.6
147.6
148.55
148.3
145.0
143.1
146.1
147.0
151.0
151.1
155.1
155.55
154.65
150.0
147.05
146.8
147.9
147.0
146.7
146.0
144.3
144.25
144.55
152.5
149.55
150.5
150.4
154.5
157.0
158.3
162.0
160.8
164.2
169.75
168.4
173.75
170.9
168.15
167.9
167.0
171.9
170.8
170.0
166.0
167.6
168.05
168.4
165.3
166.8
