429.9
432.0
452.35
441.5
423.0
432.0
425.35
426.65
429.0
433.9
457.2
449.9
452.0
465.65
468.7
465.75
457.0
478.05
464.0
479.9
474.95
470.3
489.0
484.7
479.9
470.0
483.1
481.0
480.1
484.5
479.0
467.2
472.9
481.3
482.0
485.15
485.0
492.9
489.65
491.9
492.4
481.9
490.0
480.0
489.0
489.5
492.0
516.0
499.0
496.0
490.35
496.0
498.0
496.65
516.0
530.1
536.0
536.0
521.55
548.0
539.0
543.0
540.0
532.9
543.7
557.0
545.1
563.95
557.1
568.0
573.5
566.05
557.5
568.0
551.0
550.0
567.0
568.0
552.9
545.0
539.8
534.5
509.0
510.0
509.4
505.5
497.5
500.85
495.0
489.0
509.0
500.0
487.6
490.0
503.0
507.95
512.5
500.1
501.0
500.0
491.05
521.0
528.7
518.0
522.0
504.0
512.0
513.15
513.6
523.0
519.05
526.0
522.25
514.45
524.0
528.95
542.0
550.0
535.0
534.1
548.0
549.0
533.0
531.75
529.0
534.85
527.95
529.25
532.1
530.05
529.0
527.7
527.25
528.65
516.15
527.8
531.55
540.1
554.0
563.45
579.0
570.0
565.0
540.05
548.7
539.6
533.45
535.0
529.0
535.0
535.0
531.0
525.0
516.35
506.85
480.0
488.0
492.0
486.0
496.0
498.95
502.65
501.8
499.8
515.0
514.0
506.5
502.8
508.4
524.0
517.5
514.0
507.0
497.05
487.0
480.0
476.0
456.0
487.9
482.0
451.5
455.0
451.1
459.4
469.0
368.95
351.05
311.05
316.0
329.3
331.0
354.0
340.0
352.0
347.9
332.55
320.6
