120.9
120.0
124.5
120.45
117.9
111.2
110.0
117.9
119.5
118.0
118.25
120.5
116.5
116.8
118.9
118.4
116.0
115.0
114.25
119.05
119.0
120.0
119.05
121.0
118.9
117.0
117.1
116.9
118.95
119.7
118.75
117.1
118.15
118.65
116.7
117.0
116.25
116.5
115.25
114.5
116.85
115.75
116.95
116.5
121.7
122.0
118.05
117.5
118.9
121.5
121.55
121.9
127.25
125.15
125.75
135.1
131.85
131.45
130.65
132.4
129.1
128.0
128.9
128.0
128.3
126.0
130.25
128.9
128.85
127.8
127.8
129.35
134.5
133.0
129.1
129.4
129.3
128.5
127.45
128.0
125.8
122.2
120.2
122.0
122.0
122.9
120.0
122.5
120.0
120.05
120.0
119.7
118.0
121.5
118.2
118.25
119.0
117.8
119.7
116.55
114.25
115.65
110.5
114.25
117.95
114.0
117.3
118.0
117.05
118.95
116.5
116.35
119.0
118.9
116.4
115.2
125.25
126.0
126.95
128.5
126.9
127.3
128.15
127.0
127.45
126.4
126.85
130.4
126.65
127.25
126.25
127.5
122.2
128.7
127.0
125.0
122.4
122.45
121.25
125.5
126.3
128.9
129.3
130.4
131.1
133.5
136.25
136.2
133.25
131.2
133.0
131.0
132.05
130.5
131.75
127.15
127.1
129.25
127.6
128.45
127.75
128.25
139.3
134.2
134.0
138.5
137.0
136.65
137.0
141.8
139.75
148.65
142.0
140.75
144.2
147.5
144.0
142.0
145.2
140.3
141.4
137.25
134.95
134.1
137.25
139.25
134.4
136.1
140.55
136.0
131.2
136.4
138.0
134.5
138.75
135.25
133.5
129.45
134.0
131.3
129.0
132.0
130.05
130.85
130.45
127.7
129.95
128.75
123.6
127.75
134.65
134.5
133.75
131.4
129.05
130.2
132.3
128.0
126.5
122.2
125.2
130.3
134.6
138.6
139.2
134.9
133.4
136.8
139.0
139.95
135.3
137.9
135.0
137.6
135.15
136.25
137.05
138.5
138.0
136.8
140.0
140.95
144.8
141.15
141.0
139.5
138.7
137.05
138.0
137.8
138.0
137.5
137.2
138.55
139.5
142.1
138.3
138.2
140.3
139.0
138.45
137.8
134.5
133.5
130.7
133.75
134.95
135.75
134.9
133.0
133.85
133.55
132.35
134.3
135.1
137.75
135.9
134.25
135.0
135.25
134.9
134.2
132.8
134.05
133.05
133.45
132.2
133.25
134.8
138.25
138.15
143.85
138.95
137.25
135.95
132.2
135.15
134.0
136.0
134.8
135.25
130.7
129.0
128.6
129.1
127.95
133.5
130.6
130.95
129.65
131.25
133.0
129.45
133.4
134.0
133.55
135.0
135.85
135.95
138.0
139.5
140.2
140.4
143.8
153.4
152.3
148.9
147.2
150.0
148.5
146.8
144.5
147.45
152.15
150.9
153.0
155.85
157.3
157.5
150.4
149.05
150.45
153.0
153.0
151.5
150.85
150.1
151.15
147.45
147.4
148.2
149.45
150.6
155.6
154.9
159.1
158.45
153.8
152.55
154.0
153.55
156.6
155.6
154.4
159.1
160.1
159.9
166.0
167.25
165.05
158.75
157.25
159.2
159.0
156.75
153.05
152.1
152.85
150.0
152.1
153.0
153.0
149.2
150.8
152.4
155.6
150.1
156.4
152.55
155.25
155.0
153.65
156.85
156.8
147.7
148.55
148.7
150.9
149.85
148.9
149.4
148.9
147.7
148.6
148.0
144.3
144.55
138.0
135.55
132.75
144.3
130.75
136.0
135.8
141.5
140.0
141.5
140.6
140.95
141.5
139.8
138.95
136.75
137.0
139.35
138.45
137.2
146.85
153.65
154.85
156.3
157.6
155.25
153.9
152.5
159.0
152.2
156.3
155.5
158.4
157.0
166.6
167.25
167.8
164.05
163.6
167.3
163.2
165.05
165.0
163.6
160.05
159.3
157.1
154.2
154.05
158.6
156.0
163.8
163.75
161.0
163.5
162.8
163.0
160.9
161.0
160.15
163.8
161.4
159.0
159.0
161.3
159.5
159.3
167.5
166.3
161.0
163.4
165.0
160.05
159.0
159.1
159.55
163.0
165.05
175.0
175.05
173.4
182.4
186.9
194.2
200.0
197.55
189.15
183.1
182.55
186.9
184.0
183.95
183.3
175.15
171.4
179.35
176.4
174.5
