631.0
622.0
648.7
631.95
600.0
621.0
600.0
595.0
598.0
585.05
627.0
595.0
578.0
584.95
592.85
589.0
600.0
605.0
600.0
630.1
618.95
650.0
625.05
612.15
635.0
592.5
597.0
585.3
578.05
599.95
589.0
581.05
581.45
574.9
580.0
588.95
595.0
595.05
614.65
615.0
638.8
630.2
648.85
674.4
663.0
660.55
642.0
631.15
657.0
635.0
628.65
623.55
639.95
629.95
608.0
612.85
615.05
604.1
603.25
608.0
609.75
625.2
616.25
619.15
625.0
629.1
650.0
663.05
680.2
681.0
673.05
665.0
651.1
635.0
647.0
615.0
614.0
649.95
648.8
650.55
650.05
640.0
600.65
601.85
630.0
624.7
616.0
620.0
619.9
610.0
612.0
619.2
610.0
613.05
622.0
625.0
623.05
618.55
634.95
631.2
600.0
623.5
613.75
645.0
635.5
632.0
648.25
663.7
652.0
652.15
673.95
661.0
652.05
640.15
643.85
636.45
623.2
646.9
638.0
646.0
659.9
661.95
660.0
643.95
616.0
640.05
660.05
673.95
656.05
651.05
646.1
661.95
650.0
649.95
675.0
654.85
645.0
642.65
643.0
659.9
650.85
673.15
655.0
640.55
649.85
709.0
695.6
690.0
687.65
672.95
654.6
655.5
659.45
645.6
660.0
650.0
641.0
662.2
646.15
650.55
648.0
640.0
649.25
630.0
627.0
610.0
607.05
602.95
577.0
593.4
583.0
580.0
575.0
569.85
560.0
547.0
527.0
519.95
519.45
493.05
479.95
470.0
466.0
457.15
524.0
516.5
510.75
500.0
491.05
496.0
466.0
455.0
461.0
471.0
450.0
449.95
446.75
439.05
455.1
465.0
439.0
450.0
445.15
455.05
455.05
476.8
488.0
489.05
485.8
484.3
495.8
510.4
549.6
540.0
550.0
551.1
566.0
575.5
568.05
577.95
598.5
597.8
630.0
629.95
639.95
629.4
646.95
646.1
647.0
669.95
659.95
654.0
646.9
658.0
664.95
668.0
673.0
665.95
658.0
644.0
656.0
620.5
624.0
612.0
610.5
618.95
608.0
590.1
583.0
585.0
580.0
571.0
563.0
565.0
555.0
562.0
590.0
582.95
576.0
583.0
592.5
587.0
590.15
592.8
588.5
599.95
599.75
604.0
592.2
575.0
585.0
581.0
613.0
624.95
634.8
626.75
615.0
602.55
615.95
628.0
630.0
628.0
646.95
652.7
649.7
636.1
633.0
645.0
655.05
663.05
668.7
661.95
673.9
701.5
700.45
728.9
700.15
718.6
715.9
709.5
713.95
715.7
705.25
705.9
707.55
705.0
705.45
706.0
700.05
701.0
702.1
713.3
708.7
727.5
727.0
729.0
781.0
762.4
754.6
750.0
767.0
750.15
774.75
796.0
782.0
795.15
791.95
790.0
778.95
782.45
780.0
793.9
799.05
778.0
790.45
788.0
820.0
792.05
800.0
782.95
784.8
791.95
796.15
800.0
791.0
804.95
801.0
795.95
816.65
820.55
835.0
855.0
820.0
880.0
881.1
896.1
900.0
914.9
961.8
960.0
960.35
970.0
955.0
958.0
935.5
927.0
955.7
947.05
948.8
935.0
932.0
959.0
969.0
925.0
906.0
907.0
862.0
901.9
851.85
881.15
870.65
820.0
785.0
755.35
744.05
686.0
660.0
660.05
685.0
679.8
703.0
727.0
734.95
734.4
715.35
746.95
730.05
745.5
747.4
741.05
736.0
734.05
728.5
707.6
697.0
694.45
681.35
673.55
661.0
653.7
649.5
654.95
650.05
680.0
680.0
739.8
738.0
739.55
730.0
733.15
729.85
720.0
709.95
707.8
698.9
680.05
700.25
706.0
712.0
709.95
703.35
724.95
734.4
723.0
741.9
742.0
720.0
748.8
773.95
794.0
807.95
790.5
850.0
840.0
839.85
857.95
844.9
824.05
855.9
863.75
900.0
892.0
880.5
879.9
892.95
886.0
880.0
869.9
865.05
864.2
873.6
869.95
850.05
865.0
890.0
903.9
892.0
883.65
899.8
888.0
891.1
883.05
874.0
899.0
899.0
891.95
909.6
937.1
936.05
945.25
927.8
927.45
934.8
936.45
937.95
941.9
930.0
914.45
930.25
945.9
940.85
971.35
977.8
957.15
962.85
967.55
981.95
974.0
1004.45
1001.0
992.75
1016.0
1025.0
1065.0
1105.0
