60.9
61.85
61.9
61.55
59.1
58.2
59.2
61.2
60.2
60.7
64.35
61.55
59.85
60.0
58.35
58.8
60.85
60.2
60.0
60.95
61.5
63.7
63.0
61.2
62.0
61.45
62.4
60.3
59.05
60.75
58.1
58.35
60.2
60.25
60.25
64.9
63.0
64.25
63.95
62.35
61.15
59.65
58.85
60.85
63.6
63.2
63.05
63.2
62.0
61.35
62.0
62.0
65.7
64.7
68.1
67.85
67.1
66.65
64.9
63.95
63.0
64.8
63.2
62.35
63.0
64.6
65.75
67.0
65.4
64.5
65.5
64.45
65.15
63.8
63.4
62.3
64.8
63.7
62.95
62.3
60.1
57.5
55.7
56.0
55.85
57.1
55.35
56.0
55.45
54.55
55.0
53.8
52.95
57.0
56.0
57.45
57.3
57.55
56.95
56.4
56.95
57.9
56.25
56.8
56.85
56.0
58.5
58.1
60.45
59.3
58.8
58.6
59.25
58.45
58.75
58.9
59.65
59.85
59.0
59.35
59.0
57.7
58.75
57.25
57.0
60.0
59.6
59.85
59.95
58.2
57.45
57.05
56.0
56.85
56.4
56.6
56.55
57.9
57.05
56.5
57.55
57.4
57.0
58.5
59.7
58.85
60.0
59.2
59.0
58.05
58.65
58.3
57.55
57.8
57.6
56.6
57.35
59.0
58.0
58.0
58.5
57.25
58.6
57.85
57.45
58.0
56.45
58.05
58.3
57.55
57.15
56.9
56.35
55.15
55.0
54.75
54.5
53.5
52.75
51.6
50.5
51.8
51.3
50.0
50.95
51.45
51.5
52.7
52.1
53.3
52.8
52.0
50.8
52.0
50.95
49.4
49.85
45.3
46.7
48.05
45.8
48.85
48.55
48.9
49.4
48.2
47.95
48.0
48.5
48.0
50.6
52.75
54.95
57.7
57.55
59.45
59.5
59.7
58.4
57.75
56.15
55.1
56.8
61.75
59.8
59.4
55.0
56.3
57.0
56.35
56.8
56.45
55.5
54.9
54.1
54.6
54.3
55.5
55.65
57.9
57.65
59.0
58.0
57.35
58.9
57.75
58.0
58.05
57.75
57.75
57.7
58.3
58.0
58.1
57.0
58.9
59.5
59.85
58.75
59.0
60.3
63.0
69.0
66.1
69.1
70.4
70.0
75.0
73.6
71.75
71.1
73.4
72.9
70.65
77.05
78.85
77.5
77.0
77.65
77.85
79.7
78.5
81.5
81.7
80.0
77.3
75.0
72.65
73.5
77.0
76.0
76.4
76.45
77.5
76.15
75.6
78.0
82.0
80.95
80.0
79.0
78.45
78.0
77.4
81.9
83.6
86.0
93.85
89.0
94.25
92.95
95.5
96.3
98.3
94.0
101.5
113.25
107.95
105.8
104.65
98.9
99.5
98.8
100.4
104.4
109.1
110.95
110.2
109.3
111.2
108.0
115.7
118.65
115.45
114.0
112.5
113.25
111.5
110.55
104.0
102.25
105.65
107.6
111.9
111.5
112.8
122.9
119.7
118.4
120.5
119.45
120.0
106.9
115.7
123.0
122.2
122.1
119.3
121.15
119.75
118.8
116.9
117.95
119.0
127.3
126.85
123.8
124.7
123.0
125.0
122.0
122.8
123.9
120.8
118.0
115.0
113.0
112.6
98.0
107.8
108.2
103.0
94.85
94.9
91.3
94.4
88.6
92.9
93.25
92.0
96.7
100.4
103.4
102.45
97.5
96.0
96.1
96.3
94.6
95.7
95.4
93.4
92.75
90.0
88.6
83.4
86.85
93.5
95.4
95.95
97.7
91.9
95.5
94.7
95.3
98.55
98.6
99.8
99.8
99.45
97.4
98.8
98.35
101.75
106.45
106.9
107.0
110.5
108.5
110.8
107.1
110.2
114.0
115.9
112.7
112.0
110.85
116.6
119.4
124.5
122.9
124.0
121.25
119.7
122.8
119.3
115.0
111.95
118.0
119.7
122.0
125.2
128.4
135.45
145.0
137.4
140.2
134.25
134.0
135.3
132.5
136.4
132.35
142.0
139.2
141.0
140.65
137.4
138.9
135.5
137.0
139.55
139.6
137.95
146.75
156.5
156.5
158.5
161.8
169.2
171.0
181.9
179.75
181.15
177.85
174.0
171.7
170.9
178.95
176.2
174.0
179.5
180.0
172.55
171.0
169.3
165.0
166.4
167.5
170.7
177.7
179.75
182.4
182.45
181.4
