856.0
866.0
856.6
860.5
842.0
850.0
858.1
861.8
850.4
849.1
865.25
859.0
861.95
862.15
865.0
865.0
855.0
846.3
844.95
849.7
853.0
908.8
917.0
898.5
905.0
903.0
896.8
913.0
906.0
902.1
816.9
895.0
877.05
885.0
895.0
909.75
902.0
903.0
899.95
902.0
900.0
903.9
905.0
895.0
930.0
925.0
919.0
934.9
964.0
973.05
950.0
952.55
957.2
964.95
983.0
982.8
969.0
992.0
985.0
1000.0
990.0
980.0
983.0
955.3
1004.0
1000.0
999.0
1020.0
1025.0
1034.0
1190.0
1185.0
1196.05
1149.8
1139.0
1159.95
1207.8
1179.95
1158.5
1180.1
1149.0
1121.9
1051.0
1149.0
1122.0
1080.45
1108.25
1075.0
1072.7
1068.8
1075.95
1080.0
1058.0
1069.8
1105.0
1118.85
1117.0
1116.8
1099.85
1092.0
1085.0
1133.8
1085.0
1089.0
1112.0
1097.95
1095.0
1095.0
1090.0
1116.7
1086.4
1065.0
1055.0
1066.05
1075.0
1039.9
1064.0
1065.0
1058.0
1062.5
1073.0
1077.0
1070.0
1083.0
1060.25
1075.0
1063.4
1088.0
1084.0
1070.1
1080.0
1059.05
1039.0
1048.65
1016.0
1039.0
1011.0
1008.0
992.0
987.95
1001.0
1016.0
1011.0
1019.0
1004.0
1004.0
1001.8
1020.0
1008.0
992.3
994.7
995.0
990.0
993.6
991.35
981.55
1032.5
1015.45
1012.35
1015.0
1028.0
1036.0
1028.9
1026.95
1030.0
1017.25
1036.0
1022.0
1030.0
1038.8
1045.5
1012.05
1011.5
1022.85
998.0
988.95
995.05
970.0
982.2
991.9
965.0
945.0
923.5
900.05
915.0
900.0
914.0
915.05
933.0
953.0
888.0
901.0
937.0
980.0
949.0
927.25
930.0
922.5
897.8
900.0
893.0
889.0
885.0
875.0
881.0
875.0
866.0
858.6
833.0
818.0
839.0
829.1
885.0
879.0
860.0
865.0
851.4
851.85
840.0
843.3
862.0
846.0
849.8
854.95
890.0
878.0
862.0
845.8
854.0
840.0
860.2
860.25
838.0
872.45
860.0
870.0
880.1
900.0
910.0
892.1
898.15
882.8
877.0
869.0
880.0
892.9
874.1
889.8
895.0
892.5
860.0
855.0
854.0
868.9
881.8
871.0
870.0
858.0
851.1
854.5
860.0
859.0
869.7
868.0
876.0
846.1
807.0
778.0
788.45
803.45
784.0
789.0
798.8
805.0
800.0
800.0
797.95
795.0
799.95
804.0
799.95
801.7
798.65
802.0
801.0
815.0
800.0
802.0
806.0
812.05
840.0
848.0
847.9
852.5
842.1
829.0
823.1
828.0
816.0
817.0
818.0
819.0
823.0
845.05
855.0
894.0
887.25
887.4
890.5
878.15
887.25
871.0
840.3
850.1
826.25
839.3
859.0
910.0
898.0
888.25
897.0
909.0
896.0
897.9
895.0
897.0
876.0
890.0
912.5
905.0
895.0
903.0
923.0
926.9
922.1
933.0
925.05
927.0
935.65
927.0
933.0
913.85
909.7
923.0
925.0
916.0
905.1
910.05
900.0
894.05
903.3
902.8
886.0
901.0
928.7
929.0
934.65
916.65
910.5
903.9
879.8
869.9
854.55
864.4
849.7
861.25
862.0
854.0
867.35
895.0
855.25
850.0
865.0
852.75
838.55
841.0
833.9
842.5
819.0
820.2
822.85
807.0
809.0
793.0
782.25
790.0
768.0
772.25
750.0
776.0
776.75
764.9
776.05
788.0
772.0
755.0
772.0
783.9
771.6
792.65
804.0
773.15
783.95
783.75
802.8
808.15
807.2
805.0
806.95
809.0
797.0
793.0
800.0
812.4
806.25
826.75
825.15
845.05
813.9
816.75
809.0
806.2
820.55
840.0
849.1
852.5
848.75
840.0
832.0
833.1
818.3
832.1
843.15
838.0
847.15
850.25
840.0
882.0
901.0
894.0
915.0
904.0
906.15
915.0
901.4
871.05
886.0
882.9
885.25
888.05
894.2
904.0
890.0
890.9
892.05
891.35
885.0
872.25
878.5
872.75
868.0
862.2
855.0
861.0
847.1
874.9
878.55
894.1
909.45
895.0
904.0
910.0
939.0
928.9
938.15
934.25
941.9
950.35
964.0
965.0
961.0
961.5
985.0
976.0
981.05
976.0
960.2
939.4
947.0
945.7
976.5
979.45
969.0
1014.0
1016.9
1011.0
1045.0
1054.25
1057.0
1051.6
1055.0
1076.0
1065.1
1052.65
1068.0
