882.1
880.55
923.0
907.05
896.1
927.45
934.5
942.0
916.0
938.8
925.0
917.5
930.0
941.0
963.95
963.25
985.0
999.75
990.0
986.1
976.0
992.8
977.0
955.25
942.1
941.0
919.0
915.05
915.0
940.05
913.9
899.0
909.7
910.15
915.4
915.05
919.2
939.7
929.0
930.0
927.0
932.0
927.55
917.25
945.2
947.0
945.1
965.0
925.0
939.0
930.0
934.9
963.0
951.95
958.8
963.0
956.7
948.4
974.8
984.0
980.7
951.85
937.7
934.0
959.9
956.0
952.45
942.6
938.9
946.2
946.0
939.25
941.2
941.8
977.8
967.1
976.4
973.95
975.05
992.45
957.0
944.0
930.0
912.1
908.1
924.6
958.2
967.0
950.0
962.0
958.25
940.0
918.0
943.0
933.0
921.0
921.2
930.0
938.0
954.0
942.05
947.0
935.0
928.0
956.0
940.0
962.0
890.0
845.7
863.0
845.0
828.8
835.5
859.0
852.0
829.0
835.0
836.05
830.0
859.0
866.8
867.0
859.35
863.0
867.0
877.7
876.0
875.0
876.25
879.0
881.6
877.5
878.9
876.25
854.9
825.0
828.1
844.5
853.95
850.0
872.0
862.0
862.1
861.2
864.0
872.15
870.95
882.0
856.0
849.25
840.2
841.65
857.0
844.0
849.9
843.0
849.7
849.3
851.45
860.0
845.0
855.0
850.0
860.7
858.5
864.95
854.85
837.0
855.1
841.0
848.95
853.7
836.1
828.0
815.0
818.0
814.8
810.05
828.5
831.1
867.0
831.05
844.0
838.0
847.5
838.0
833.0
845.25
865.8
880.0
866.35
855.1
877.0
866.1
843.0
815.5
827.4
814.0
813.0
825.1
829.95
829.05
842.0
849.8
845.0
829.6
807.0
814.35
822.0
813.9
837.0
865.0
860.2
828.0
813.95
821.8
817.0
823.85
826.0
813.45
820.0
816.0
828.0
820.75
828.0
819.9
814.6
805.45
815.0
820.0
815.0
839.85
847.0
846.9
831.85
836.45
843.0
844.95
845.05
862.5
844.0
838.35
841.25
839.05
849.5
805.0
794.0
750.0
747.0
727.0
736.8
732.95
724.0
723.5
711.0
711.0
718.0
725.55
720.0
732.0
738.0
729.0
738.35
735.0
742.0
751.05
742.6
761.1
748.0
744.0
735.0
725.3
722.0
728.0
729.0
748.7
750.0
745.0
755.0
751.0
752.55
750.0
749.95
768.5
774.0
770.0
743.95
730.2
729.0
715.7
729.2
735.0
735.0
748.0
741.0
715.0
722.0
718.0
722.5
721.5
732.9
722.2
717.75
724.9
730.0
725.0
729.5
738.9
747.0
757.5
749.0
753.0
785.85
857.0
833.0
824.8
822.0
821.0
816.75
820.0
826.05
813.2
790.0
789.8
785.0
784.95
776.0
795.0
798.0
798.0
782.95
756.0
774.0
781.3
786.95
780.25
791.9
781.5
774.0
772.0
784.65
782.95
782.0
790.0
794.95
793.95
799.0
794.65
795.05
788.95
798.0
799.0
797.0
805.0
812.5
818.25
816.0
802.15
802.0
809.8
804.0
817.6
812.0
834.6
829.55
823.0
831.25
806.75
801.7
784.8
774.15
770.0
771.8
765.0
765.9
763.0
800.0
811.0
765.0
790.05
784.85
765.0
776.0
766.0
757.6
765.0
765.0
763.0
765.0
771.95
806.0
806.0
810.0
803.9
801.7
789.55
798.0
786.7
789.0
797.0
796.0
801.05
806.1
822.0
835.8
820.6
825.0
835.0
818.3
816.0
791.9
788.9
810.0
807.1
822.0
823.0
831.0
835.55
860.0
835.0
806.5
842.7
839.5
830.05
850.2
847.9
827.0
837.5
844.0
840.0
834.0
842.0
853.0
844.0
831.1
835.25
805.0
814.0
825.0
835.0
824.0
819.0
810.95
822.1
831.0
829.2
832.0
827.25
850.0
842.0
844.1
852.3
835.0
844.9
844.0
843.0
850.0
844.0
850.7
861.7
857.0
854.0
849.35
865.0
850.5
860.8
857.25
871.95
865.0
850.7
871.05
872.3
868.0
855.55
865.4
870.0
884.0
874.1
869.0
848.0
853.9
849.0
835.0
831.35
832.5
800.15
812.0
806.5
810.75
817.0
813.0
824.0
821.9
797.0
812.9
816.15
824.95
836.1
820.95
829.85
845.0
848.75
857.8
840.0
848.5
