308.6
294.05
305.5
285.0
291.85
279.0
285.85
288.0
292.6
294.75
296.3
300.05
299.0
291.8
293.7
285.15
283.45
281.55
286.0
287.5
286.45
290.2
288.0
289.85
288.0
288.0
301.45
296.0
293.5
296.8
295.0
282.0
284.0
280.0
285.0
281.0
275.1
289.45
295.1
295.0
295.5
288.0
291.95
293.95
301.85
297.85
287.0
297.0
295.3
300.0
301.0
294.55
299.25
306.35
319.3
318.1
315.95
314.25
304.0
312.6
310.85
305.15
301.0
315.7
318.75
317.05
320.95
319.9
319.65
325.45
326.8
339.6
352.5
334.95
324.5
315.05
328.0
323.7
330.0
327.6
325.8
325.0
318.0
308.0
304.4
304.95
316.0
304.95
301.95
293.95
286.15
285.0
281.55
287.0
285.0
282.7
289.0
289.3
293.65
290.0
282.0
274.05
276.15
289.0
287.5
284.0
286.9
296.45
303.75
293.35
300.1
296.7
297.05
299.85
301.5
302.5
310.4
320.8
312.8
311.05
311.9
315.95
306.9
312.0
314.9
317.25
320.85
316.9
313.8
322.2
322.8
306.0
304.9
315.05
307.5
309.95
308.4
309.75
323.0
320.1
313.75
315.7
313.45
320.6
321.3
347.5
352.8
354.0
350.0
348.05
353.3
340.0
321.0
316.5
323.0
341.5
344.0
334.8
326.5
318.05
328.0
341.0
339.0
345.0
344.0
343.9
340.0
342.9
341.75
343.95
336.15
330.65
331.05
325.0
313.0
313.0
309.0
310.0
299.9
295.0
281.9
295.95
292.05
292.05
308.95
314.0
304.35
303.0
314.85
308.05
297.0
299.95
306.0
303.0
300.1
295.05
287.9
264.95
244.95
239.1
227.95
245.8
244.5
233.7
230.35
228.95
218.95
210.0
207.0
213.7
245.05
248.0
249.9
254.0
245.0
243.0
244.4
248.0
251.8
264.8
263.9
260.0
261.6
272.2
267.0
275.5
278.85
284.0
287.95
297.8
296.0
296.95
282.4
272.0
267.85
271.9
272.5
282.85
286.5
277.5
290.4
286.1
289.4
287.0
283.65
269.8
262.75
263.0
260.5
257.0
254.0
251.0
254.5
260.7
265.6
275.0
279.0
277.4
271.0
268.7
263.0
256.2
263.7
274.6
274.0
274.0
273.0
278.25
278.8
276.2
276.2
278.0
280.0
278.2
283.0
290.0
296.0
283.2
284.0
288.0
288.3
278.75
282.0
282.0
289.45
291.0
275.0
268.5
275.0
279.7
278.95
292.6
284.45
285.8
290.0
289.75
294.8
292.55
288.8
294.75
305.0
298.55
288.05
297.95
297.7
290.5
298.0
299.95
292.0
291.2
292.0
286.7
285.35
278.8
278.1
286.35
289.25
285.0
289.35
281.55
278.0
278.0
281.9
278.55
286.0
283.95
287.3
282.1
284.9
288.05
290.8
295.7
296.95
296.0
292.0
278.45
296.85
299.8
300.0
295.35
299.0
299.0
293.65
303.0
295.3
288.35
288.0
292.8
290.7
285.0
282.1
285.0
278.35
285.6
285.0
278.0
290.0
283.5
283.4
279.95
272.3
272.05
265.0
277.0
270.05
273.0
280.25
278.5
276.0
273.55
273.0
282.2
282.0
274.0
270.55
266.05
264.3
269.3
259.8
281.25
268.45
272.0
283.0
279.7
275.1
280.0
276.4
284.0
281.55
273.35
276.0
271.45
274.95
277.05
277.45
270.45
278.35
274.2
279.0
271.5
273.0
272.2
275.0
266.0
273.0
270.95
270.95
270.3
268.05
261.1
257.95
258.75
261.15
272.7
271.75
272.9
275.85
274.55
271.95
273.8
277.0
273.7
271.35
276.0
272.95
277.4
283.05
280.55
276.15
273.45
270.85
272.9
271.15
275.85
276.9
276.75
281.0
282.0
284.3
280.0
283.95
278.0
278.85
277.05
280.95
284.8
284.8
275.2
278.25
278.0
280.0
280.05
274.8
275.8
276.0
277.0
274.0
270.2
274.0
279.85
280.0
280.45
278.2
280.1
290.9
286.4
290.85
309.2
313.3
315.0
324.0
316.35
308.0
305.5
303.0
307.65
308.95
306.95
305.05
312.0
305.15
320.65
322.05
335.55
333.0
332.95
328.6
315.95
322.25
329.6
323.9
327.9
330.0
329.5
331.95
333.0
335.0
328.6
329.7
328.1
326.0
325.0
342.7
344.0
336.15
